"STATION","NAME","LATITUDE","LONGITUDE","ELEVATION","DATE","AWND","PRCP","TMAX","TMIN"
"USW00003757","ST INIGOES WEBSTER NAVAL OUTLYING FIELD, MD US","38.14167","-76.42917","6.4","2017-01-01","4.92","0.00","54","36"
"USW00003757","ST INIGOES WEBSTER NAVAL OUTLYING FIELD, MD US","38.14167","-76.42917","6.4","2017-01-02","8.05","0.43","48","44"
"USW00003757","ST INIGOES WEBSTER NAVAL OUTLYING FIELD, MD US","38.14167","-76.42917","6.4","2017-01-03","5.37","0.69","48","43"
"USW00003757","ST INIGOES WEBSTER NAVAL OUTLYING FIELD, MD US","38.14167","-76.42917","6.4","2017-01-04","7.83","0.00","59","37"
"USW00003757","ST INIGOES WEBSTER NAVAL OUTLYING FIELD, MD US","38.14167","-76.42917","6.4","2017-01-05","2.68","0.00","39","27"
"USW00003757","ST INIGOES WEBSTER NAVAL OUTLYING FIELD, MD US","38.14167","-76.42917","6.4","2017-01-06","5.37","0.00","38","30"
"USW00003757","ST INIGOES WEBSTER NAVAL OUTLYING FIELD, MD US","38.14167","-76.42917","6.4","2017-01-07","9.17","0.39","30","18"
"USW00003757","ST INIGOES WEBSTER NAVAL OUTLYING FIELD, MD US","38.14167","-76.42917","6.4","2017-01-08","12.97","0.00","23","15"
"USW00003757","ST INIGOES WEBSTER NAVAL OUTLYING FIELD, MD US","38.14167","-76.42917","6.4","2017-01-09","5.37","0.00","26","7"
"USW00003757","ST INIGOES WEBSTER NAVAL OUTLYING FIELD, MD US","38.14167","-76.42917","6.4","2017-01-10","7.61","0.00","43","22"
"USW00003757","ST INIGOES WEBSTER NAVAL OUTLYING FIELD, MD US","38.14167","-76.42917","6.4","2017-01-11","7.61","0.07","53","41"
"USW00003757","ST INIGOES WEBSTER NAVAL OUTLYING FIELD, MD US","38.14167","-76.42917","6.4","2017-01-12","13.87","0.00","68","51"
"USW00003757","ST INIGOES WEBSTER NAVAL OUTLYING FIELD, MD US","38.14167","-76.42917","6.4","2017-01-13","4.70","0.00","60","43"
"USW00003757","ST INIGOES WEBSTER NAVAL OUTLYING FIELD, MD US","38.14167","-76.42917","6.4","2017-01-14","3.58","0.26","43","34"
"USW00003757","ST INIGOES WEBSTER NAVAL OUTLYING FIELD, MD US","38.14167","-76.42917","6.4","2017-01-15","3.36","0.00","45","36"
"USW00003757","ST INIGOES WEBSTER NAVAL OUTLYING FIELD, MD US","38.14167","-76.42917","6.4","2017-01-16","3.36","0.00","44","38"
"USW00003757","ST INIGOES WEBSTER NAVAL OUTLYING FIELD, MD US","38.14167","-76.42917","6.4","2017-01-17","7.16","0.02","57","41"
"USW00003757","ST INIGOES WEBSTER NAVAL OUTLYING FIELD, MD US","38.14167","-76.42917","6.4","2017-01-18","4.03","0.01","57","46"
"USW00003757","ST INIGOES WEBSTER NAVAL OUTLYING FIELD, MD US","38.14167","-76.42917","6.4","2017-01-19","1.34","0.00","52","33"
"USW00003757","ST INIGOES WEBSTER NAVAL OUTLYING FIELD, MD US","38.14167","-76.42917","6.4","2017-01-20","2.24","0.04","48","33"
"USW00003757","ST INIGOES WEBSTER NAVAL OUTLYING FIELD, MD US","38.14167","-76.42917","6.4","2017-01-21","3.58","0.03","50","46"
"USW00003757","ST INIGOES WEBSTER NAVAL OUTLYING FIELD, MD US","38.14167","-76.42917","6.4","2017-01-22","6.71","0.06","50","46"
"USW00003757","ST INIGOES WEBSTER NAVAL OUTLYING FIELD, MD US","38.14167","-76.42917","6.4","2017-01-23","15.66","0.81","51","40"
"USW00003757","ST INIGOES WEBSTER NAVAL OUTLYING FIELD, MD US","38.14167","-76.42917","6.4","2017-01-24","12.30","0.02","48","39"
"USW00003757","ST INIGOES WEBSTER NAVAL OUTLYING FIELD, MD US","38.14167","-76.42917","6.4","2017-01-25","4.92","0.00","57","36"
"USW00003757","ST INIGOES WEBSTER NAVAL OUTLYING FIELD, MD US","38.14167","-76.42917","6.4","2017-01-26","12.53","0.00","63","43"
"USW00003757","ST INIGOES WEBSTER NAVAL OUTLYING FIELD, MD US","38.14167","-76.42917","6.4","2017-01-27","9.40","0.00","46","36"
"USW00003757","ST INIGOES WEBSTER NAVAL OUTLYING FIELD, MD US","38.14167","-76.42917","6.4","2017-01-28","10.07","0.00","46","32"
"USW00003757","ST INIGOES WEBSTER NAVAL OUTLYING FIELD, MD US","38.14167","-76.42917","6.4","2017-01-29","6.49","0.04","49","32"
"USW00003757","ST INIGOES WEBSTER NAVAL OUTLYING FIELD, MD US","38.14167","-76.42917","6.4","2017-01-30","8.50","0.20","39","25"
"USW00003757","ST INIGOES WEBSTER NAVAL OUTLYING FIELD, MD US","38.14167","-76.42917","6.4","2017-01-31","5.82","0.00","53","24"
"USW00003757","ST INIGOES WEBSTER NAVAL OUTLYING FIELD, MD US","38.14167","-76.42917","6.4","2017-02-01","0.67","0.00","50","31"
"USW00003757","ST INIGOES WEBSTER NAVAL OUTLYING FIELD, MD US","38.14167","-76.42917","6.4","2017-02-02","2.01","0.00","51","34"
"USW00003757","ST INIGOES WEBSTER NAVAL OUTLYING FIELD, MD US","38.14167","-76.42917","6.4","2017-02-03","4.25","0.00","38","29"
"USW00003757","ST INIGOES WEBSTER NAVAL OUTLYING FIELD, MD US","38.14167","-76.42917","6.4","2017-02-04","6.93","0.00","38","26"
"USW00003757","ST INIGOES WEBSTER NAVAL OUTLYING FIELD, MD US","38.14167","-76.42917","6.4","2017-02-05","6.93","0.00","53","30"
"USW00003757","ST INIGOES WEBSTER NAVAL OUTLYING FIELD, MD US","38.14167","-76.42917","6.4","2017-02-06","4.47","0.00","57","28"
"USW00003757","ST INIGOES WEBSTER NAVAL OUTLYING FIELD, MD US","38.14167","-76.42917","6.4","2017-02-07","11.86","0.00","71","49"
"USW00003757","ST INIGOES WEBSTER NAVAL OUTLYING FIELD, MD US","38.14167","-76.42917","6.4","2017-02-08","7.38","0.00","72","54"
"USW00003757","ST INIGOES WEBSTER NAVAL OUTLYING FIELD, MD US","38.14167","-76.42917","6.4","2017-02-09","14.99","0.15","56","27"
"USW00003757","ST INIGOES WEBSTER NAVAL OUTLYING FIELD, MD US","38.14167","-76.42917","6.4","2017-02-10","8.50","0.00","40","23"
"USW00003757","ST INIGOES WEBSTER NAVAL OUTLYING FIELD, MD US","38.14167","-76.42917","6.4","2017-02-11","5.14","0.00","54","40"
"USW00003757","ST INIGOES WEBSTER NAVAL OUTLYING FIELD, MD US","38.14167","-76.42917","6.4","2017-02-12","4.47","0.00","68","36"
"USW00003757","ST INIGOES WEBSTER NAVAL OUTLYING FIELD, MD US","38.14167","-76.42917","6.4","2017-02-13","12.08","0.00","51","31"
"USW00003757","ST INIGOES WEBSTER NAVAL OUTLYING FIELD, MD US","38.14167","-76.42917","6.4","2017-02-14","3.58","0.00","48","25"
"USW00003757","ST INIGOES WEBSTER NAVAL OUTLYING FIELD, MD US","38.14167","-76.42917","6.4","2017-02-15","6.93","0.21","51","32"
"USW00003757","ST INIGOES WEBSTER NAVAL OUTLYING FIELD, MD US","38.14167","-76.42917","6.4","2017-02-16","13.42","0.00","42","31"
"USW00003757","ST INIGOES WEBSTER NAVAL OUTLYING FIELD, MD US","38.14167","-76.42917","6.4","2017-02-17","3.80","0.00","48","24"
"USW00003757","ST INIGOES WEBSTER NAVAL OUTLYING FIELD, MD US","38.14167","-76.42917","6.4","2017-02-18","3.58","0.00","68","31"
"USW00003757","ST INIGOES WEBSTER NAVAL OUTLYING FIELD, MD US","38.14167","-76.42917","6.4","2017-02-19","4.25","0.00","68","45"
"USW00003757","ST INIGOES WEBSTER NAVAL OUTLYING FIELD, MD US","38.14167","-76.42917","6.4","2017-02-20","4.70","0.00","62","40"
"USW00003757","ST INIGOES WEBSTER NAVAL OUTLYING FIELD, MD US","38.14167","-76.42917","6.4","2017-02-21","5.82","0.00","53","39"
"USW00003757","ST INIGOES WEBSTER NAVAL OUTLYING FIELD, MD US","38.14167","-76.42917","6.4","2017-02-22","2.91","0.00","60","40"
"USW00003757","ST INIGOES WEBSTER NAVAL OUTLYING FIELD, MD US","38.14167","-76.42917","6.4","2017-02-23","7.83","0.00","74","54"
"USW00003757","ST INIGOES WEBSTER NAVAL OUTLYING FIELD, MD US","38.14167","-76.42917","6.4","2017-02-24","7.16","0.00","73","52"
"USW00003757","ST INIGOES WEBSTER NAVAL OUTLYING FIELD, MD US","38.14167","-76.42917","6.4","2017-02-25","8.28","0.04","72","48"
"USW00003757","ST INIGOES WEBSTER NAVAL OUTLYING FIELD, MD US","38.14167","-76.42917","6.4","2017-02-26","8.50","0.00","49","31"
"USW00003757","ST INIGOES WEBSTER NAVAL OUTLYING FIELD, MD US","38.14167","-76.42917","6.4","2017-02-27","5.14","0.00","55","30"
"USW00003757","ST INIGOES WEBSTER NAVAL OUTLYING FIELD, MD US","38.14167","-76.42917","6.4","2017-02-28","4.25","0.11","68","42"
"USW00003757","ST INIGOES WEBSTER NAVAL OUTLYING FIELD, MD US","38.14167","-76.42917","6.4","2017-03-01","15.88","0.06","78","53"
"USW00003757","ST INIGOES WEBSTER NAVAL OUTLYING FIELD, MD US","38.14167","-76.42917","6.4","2017-03-02","14.99","0.00","61","41"
"USW00003757","ST INIGOES WEBSTER NAVAL OUTLYING FIELD, MD US","38.14167","-76.42917","6.4","2017-03-03","8.05","0.00","45","31"
"USW00003757","ST INIGOES WEBSTER NAVAL OUTLYING FIELD, MD US","38.14167","-76.42917","6.4","2017-03-04","7.83","0.00","44","27"
"USW00003757","ST INIGOES WEBSTER NAVAL OUTLYING FIELD, MD US","38.14167","-76.42917","6.4","2017-03-05","5.82","0.00","38","25"
"USW00003757","ST INIGOES WEBSTER NAVAL OUTLYING FIELD, MD US","38.14167","-76.42917","6.4","2017-03-06","7.16","0.00","53","25"
"USW00003757","ST INIGOES WEBSTER NAVAL OUTLYING FIELD, MD US","38.14167","-76.42917","6.4","2017-03-07","10.96","0.04","68","48"
"USW00003757","ST INIGOES WEBSTER NAVAL OUTLYING FIELD, MD US","38.14167","-76.42917","6.4","2017-03-08","10.07","0.02","64","49"
"USW00003757","ST INIGOES WEBSTER NAVAL OUTLYING FIELD, MD US","38.14167","-76.42917","6.4","2017-03-09","8.95","0.00","71","41"
"USW00003757","ST INIGOES WEBSTER NAVAL OUTLYING FIELD, MD US","38.14167","-76.42917","6.4","2017-03-10","10.74","0.07","56","34"
"USW00003757","ST INIGOES WEBSTER NAVAL OUTLYING FIELD, MD US","38.14167","-76.42917","6.4","2017-03-11","8.28","0.00","42","27"
"USW00003757","ST INIGOES WEBSTER NAVAL OUTLYING FIELD, MD US","38.14167","-76.42917","6.4","2017-03-12","6.04","0.00","41","28"
"USW00003757","ST INIGOES WEBSTER NAVAL OUTLYING FIELD, MD US","38.14167","-76.42917","6.4","2017-03-13","8.28","0.39","43","24"
"USW00003757","ST INIGOES WEBSTER NAVAL OUTLYING FIELD, MD US","38.14167","-76.42917","6.4","2017-03-14","17.67","1.61","43","28"
"USW00003757","ST INIGOES WEBSTER NAVAL OUTLYING FIELD, MD US","38.14167","-76.42917","6.4","2017-03-15","20.58","0.00","34","24"
"USW00003757","ST INIGOES WEBSTER NAVAL OUTLYING FIELD, MD US","38.14167","-76.42917","6.4","2017-03-16","12.08",,"43","29"
"USW00003757","ST INIGOES WEBSTER NAVAL OUTLYING FIELD, MD US","38.14167","-76.42917","6.4","2017-03-17","4.92","0.02","50","26"
"USW00003757","ST INIGOES WEBSTER NAVAL OUTLYING FIELD, MD US","38.14167","-76.42917","6.4","2017-03-18","6.04","0.23","56","42"
"USW00003757","ST INIGOES WEBSTER NAVAL OUTLYING FIELD, MD US","38.14167","-76.42917","6.4","2017-03-19","6.71","0.49","51","34"
"USW00003757","ST INIGOES WEBSTER NAVAL OUTLYING FIELD, MD US","38.14167","-76.42917","6.4","2017-03-20","5.37",,"54","37"
"USW00003757","ST INIGOES WEBSTER NAVAL OUTLYING FIELD, MD US","38.14167","-76.42917","6.4","2017-03-21","2.68","0.00","58","46"
"USW00003757","ST INIGOES WEBSTER NAVAL OUTLYING FIELD, MD US","38.14167","-76.42917","6.4","2017-03-22","8.28","0.00",,
"USW00003757","ST INIGOES WEBSTER NAVAL OUTLYING FIELD, MD US","38.14167","-76.42917","6.4","2017-03-23","5.82",,"45","29"
"USW00003757","ST INIGOES WEBSTER NAVAL OUTLYING FIELD, MD US","38.14167","-76.42917","6.4","2017-03-24","9.62","0.00","66","36"
"USW00003757","ST INIGOES WEBSTER NAVAL OUTLYING FIELD, MD US","38.14167","-76.42917","6.4","2017-03-25","6.49","0.00","78","51"
"USW00003757","ST INIGOES WEBSTER NAVAL OUTLYING FIELD, MD US","38.14167","-76.42917","6.4","2017-03-26","9.62","0.00","56","48"
"USW00003757","ST INIGOES WEBSTER NAVAL OUTLYING FIELD, MD US","38.14167","-76.42917","6.4","2017-03-27","7.61","0.00","76","48"
"USW00003757","ST INIGOES WEBSTER NAVAL OUTLYING FIELD, MD US","38.14167","-76.42917","6.4","2017-03-28","5.14","0.02","71","54"
"USW00003757","ST INIGOES WEBSTER NAVAL OUTLYING FIELD, MD US","38.14167","-76.42917","6.4","2017-03-29","6.71","0.00","64","46"
"USW00003757","ST INIGOES WEBSTER NAVAL OUTLYING FIELD, MD US","38.14167","-76.42917","6.4","2017-03-30","8.95","0.00","53","43"
"USW00003757","ST INIGOES WEBSTER NAVAL OUTLYING FIELD, MD US","38.14167","-76.42917","6.4","2017-03-31","7.83","0.72","61","49"
"USW00003757","ST INIGOES WEBSTER NAVAL OUTLYING FIELD, MD US","38.14167","-76.42917","6.4","2017-04-01","8.50","0.00","63","49"
"USW00003757","ST INIGOES WEBSTER NAVAL OUTLYING FIELD, MD US","38.14167","-76.42917","6.4","2017-04-02","5.59","0.00","60","45"
"USW00003757","ST INIGOES WEBSTER NAVAL OUTLYING FIELD, MD US","38.14167","-76.42917","6.4","2017-04-03","9.62","0.01","66","44"
"USW00003757","ST INIGOES WEBSTER NAVAL OUTLYING FIELD, MD US","38.14167","-76.42917","6.4","2017-04-04","8.50","0.00","80","54"
"USW00003757","ST INIGOES WEBSTER NAVAL OUTLYING FIELD, MD US","38.14167","-76.42917","6.4","2017-04-05","5.37","0.00","73","46"
"USW00003757","ST INIGOES WEBSTER NAVAL OUTLYING FIELD, MD US","38.14167","-76.42917","6.4","2017-04-06","11.86","0.49","69","53"
"USW00003757","ST INIGOES WEBSTER NAVAL OUTLYING FIELD, MD US","38.14167","-76.42917","6.4","2017-04-07","17.90","0.00","54","43"
"USW00003757","ST INIGOES WEBSTER NAVAL OUTLYING FIELD, MD US","38.14167","-76.42917","6.4","2017-04-08","8.28","0.00","64","40"
"USW00003757","ST INIGOES WEBSTER NAVAL OUTLYING FIELD, MD US","38.14167","-76.42917","6.4","2017-04-09","4.92","0.00","68","35"
"USW00003757","ST INIGOES WEBSTER NAVAL OUTLYING FIELD, MD US","38.14167","-76.42917","6.4","2017-04-10","8.05","0.00","79","51"
"USW00003757","ST INIGOES WEBSTER NAVAL OUTLYING FIELD, MD US","38.14167","-76.42917","6.4","2017-04-11","8.28","0.00","83","60"
"USW00003757","ST INIGOES WEBSTER NAVAL OUTLYING FIELD, MD US","38.14167","-76.42917","6.4","2017-04-12","4.47","0.00","79","54"
"USW00003757","ST INIGOES WEBSTER NAVAL OUTLYING FIELD, MD US","38.14167","-76.42917","6.4","2017-04-13","4.70","0.00","68","49"
"USW00003757","ST INIGOES WEBSTER NAVAL OUTLYING FIELD, MD US","38.14167","-76.42917","6.4","2017-04-14","4.25","0.00","67","49"
"USW00003757","ST INIGOES WEBSTER NAVAL OUTLYING FIELD, MD US","38.14167","-76.42917","6.4","2017-04-15","8.72","0.00","75","54"
"USW00003757","ST INIGOES WEBSTER NAVAL OUTLYING FIELD, MD US","38.14167","-76.42917","6.4","2017-04-16","11.18","0.00","86","65"
"USW00003757","ST INIGOES WEBSTER NAVAL OUTLYING FIELD, MD US","38.14167","-76.42917","6.4","2017-04-17","5.59","0.02","77","51"
"USW00003757","ST INIGOES WEBSTER NAVAL OUTLYING FIELD, MD US","38.14167","-76.42917","6.4","2017-04-18","8.05","0.00","69","51"
"USW00003757","ST INIGOES WEBSTER NAVAL OUTLYING FIELD, MD US","38.14167","-76.42917","6.4","2017-04-19","6.49","0.00","62","50"
"USW00003757","ST INIGOES WEBSTER NAVAL OUTLYING FIELD, MD US","38.14167","-76.42917","6.4","2017-04-20","7.61","0.01","79","59"
"USW00003757","ST INIGOES WEBSTER NAVAL OUTLYING FIELD, MD US","38.14167","-76.42917","6.4","2017-04-21","5.14","0.13","83","62"
"USW00003757","ST INIGOES WEBSTER NAVAL OUTLYING FIELD, MD US","38.14167","-76.42917","6.4","2017-04-22","5.82","0.57","67","53"
"USW00003757","ST INIGOES WEBSTER NAVAL OUTLYING FIELD, MD US","38.14167","-76.42917","6.4","2017-04-23","5.59","0.04","59","51"
"USW00003757","ST INIGOES WEBSTER NAVAL OUTLYING FIELD, MD US","38.14167","-76.42917","6.4","2017-04-24","12.53","0.46","57","51"
"USW00003757","ST INIGOES WEBSTER NAVAL OUTLYING FIELD, MD US","38.14167","-76.42917","6.4","2017-04-25","10.96","0.46","65","56"
"USW00003757","ST INIGOES WEBSTER NAVAL OUTLYING FIELD, MD US","38.14167","-76.42917","6.4","2017-04-26","5.37","0.04","70","58"
"USW00003757","ST INIGOES WEBSTER NAVAL OUTLYING FIELD, MD US","38.14167","-76.42917","6.4","2017-04-27","6.71","0.00","82","58"
"USW00003757","ST INIGOES WEBSTER NAVAL OUTLYING FIELD, MD US","38.14167","-76.42917","6.4","2017-04-28","6.26","0.01","82","65"
"USW00003757","ST INIGOES WEBSTER NAVAL OUTLYING FIELD, MD US","38.14167","-76.42917","6.4","2017-04-29","7.61","0.00","88","71"
"USW00003757","ST INIGOES WEBSTER NAVAL OUTLYING FIELD, MD US","38.14167","-76.42917","6.4","2017-04-30","8.50","0.00","89","72"
"USW00003757","ST INIGOES WEBSTER NAVAL OUTLYING FIELD, MD US","38.14167","-76.42917","6.4","2017-05-01","13.87","0.08","84","70"
"USW00003757","ST INIGOES WEBSTER NAVAL OUTLYING FIELD, MD US","38.14167","-76.42917","6.4","2017-05-02","13.65","0.08","77","56"
"USW00003757","ST INIGOES WEBSTER NAVAL OUTLYING FIELD, MD US","38.14167","-76.42917","6.4","2017-05-03","6.71","0.00","70","50"
"USW00003757","ST INIGOES WEBSTER NAVAL OUTLYING FIELD, MD US","38.14167","-76.42917","6.4","2017-05-04","12.08","0.00","67","48"
"USW00003757","ST INIGOES WEBSTER NAVAL OUTLYING FIELD, MD US","38.14167","-76.42917","6.4","2017-05-05","11.41","0.95","71","63"
"USW00003757","ST INIGOES WEBSTER NAVAL OUTLYING FIELD, MD US","38.14167","-76.42917","6.4","2017-05-06","12.75","0.00","67","55"
"USW00003757","ST INIGOES WEBSTER NAVAL OUTLYING FIELD, MD US","38.14167","-76.42917","6.4","2017-05-07","11.41","0.00","65","49"
"USW00003757","ST INIGOES WEBSTER NAVAL OUTLYING FIELD, MD US","38.14167","-76.42917","6.4","2017-05-08","7.38","0.00","63","45"
"USW00003757","ST INIGOES WEBSTER NAVAL OUTLYING FIELD, MD US","38.14167","-76.42917","6.4","2017-05-09","4.92","0.00","66","45"
"USW00003757","ST INIGOES WEBSTER NAVAL OUTLYING FIELD, MD US","38.14167","-76.42917","6.4","2017-05-10","3.58","0.00","71","46"
"USW00003757","ST INIGOES WEBSTER NAVAL OUTLYING FIELD, MD US","38.14167","-76.42917","6.4","2017-05-11","6.93","2.21","61","52"
"USW00003757","ST INIGOES WEBSTER NAVAL OUTLYING FIELD, MD US","38.14167","-76.42917","6.4","2017-05-12","7.83","0.71","58","51"
"USW00003757","ST INIGOES WEBSTER NAVAL OUTLYING FIELD, MD US","38.14167","-76.42917","6.4","2017-05-13","6.26","0.47","58","52"
"USW00003757","ST INIGOES WEBSTER NAVAL OUTLYING FIELD, MD US","38.14167","-76.42917","6.4","2017-05-14","5.82","0.00","80","46"
"USW00003757","ST INIGOES WEBSTER NAVAL OUTLYING FIELD, MD US","38.14167","-76.42917","6.4","2017-05-15","8.50","0.00","75","53"
"USW00003757","ST INIGOES WEBSTER NAVAL OUTLYING FIELD, MD US","38.14167","-76.42917","6.4","2017-05-16","4.25","0.00","77","50"
"USW00003757","ST INIGOES WEBSTER NAVAL OUTLYING FIELD, MD US","38.14167","-76.42917","6.4","2017-05-17","5.37","0.00","91","60"
"USW00003757","ST INIGOES WEBSTER NAVAL OUTLYING FIELD, MD US","38.14167","-76.42917","6.4","2017-05-18","9.17","0.00","89","74"
"USW00003757","ST INIGOES WEBSTER NAVAL OUTLYING FIELD, MD US","38.14167","-76.42917","6.4","2017-05-19","6.04","0.74","91","69"
"USW00003757","ST INIGOES WEBSTER NAVAL OUTLYING FIELD, MD US","38.14167","-76.42917","6.4","2017-05-20","10.07","0.00","72","57"
"USW00003757","ST INIGOES WEBSTER NAVAL OUTLYING FIELD, MD US","38.14167","-76.42917","6.4","2017-05-21","7.16","0.01","69","56"
"USW00003757","ST INIGOES WEBSTER NAVAL OUTLYING FIELD, MD US","38.14167","-76.42917","6.4","2017-05-22","2.46","0.64","69","60"
"USW00003757","ST INIGOES WEBSTER NAVAL OUTLYING FIELD, MD US","38.14167","-76.42917","6.4","2017-05-23","5.59","0.44","66","59"
"USW00003757","ST INIGOES WEBSTER NAVAL OUTLYING FIELD, MD US","38.14167","-76.42917","6.4","2017-05-24","6.93","0.16","65","58"
"USW00003757","ST INIGOES WEBSTER NAVAL OUTLYING FIELD, MD US","38.14167","-76.42917","6.4","2017-05-25","10.29","0.27","79","58"
"USW00003757","ST INIGOES WEBSTER NAVAL OUTLYING FIELD, MD US","38.14167","-76.42917","6.4","2017-05-26","8.72","0.00","78","60"
"USW00003757","ST INIGOES WEBSTER NAVAL OUTLYING FIELD, MD US","38.14167","-76.42917","6.4","2017-05-27","3.80","0.00","78","57"
"USW00003757","ST INIGOES WEBSTER NAVAL OUTLYING FIELD, MD US","38.14167","-76.42917","6.4","2017-05-28","5.14","0.18","73","61"
"USW00003757","ST INIGOES WEBSTER NAVAL OUTLYING FIELD, MD US","38.14167","-76.42917","6.4","2017-05-29","5.14","0.00","81","64"
"USW00003757","ST INIGOES WEBSTER NAVAL OUTLYING FIELD, MD US","38.14167","-76.42917","6.4","2017-05-30","6.93","0.03","71","64"
"USW00003757","ST INIGOES WEBSTER NAVAL OUTLYING FIELD, MD US","38.14167","-76.42917","6.4","2017-05-31","4.47","0.01","78","66"
"USW00003757","ST INIGOES WEBSTER NAVAL OUTLYING FIELD, MD US","38.14167","-76.42917","6.4","2017-06-01","4.92","0.00","84","63"
"USW00003757","ST INIGOES WEBSTER NAVAL OUTLYING FIELD, MD US","38.14167","-76.42917","6.4","2017-06-02","4.70","0.00","83","60"
"USW00003757","ST INIGOES WEBSTER NAVAL OUTLYING FIELD, MD US","38.14167","-76.42917","6.4","2017-06-03","5.82","0.00","85","56"
"USW00003757","ST INIGOES WEBSTER NAVAL OUTLYING FIELD, MD US","38.14167","-76.42917","6.4","2017-06-04","6.93","0.00","85","59"
"USW00003757","ST INIGOES WEBSTER NAVAL OUTLYING FIELD, MD US","38.14167","-76.42917","6.4","2017-06-05","5.82","0.54","75","66"
"USW00003757","ST INIGOES WEBSTER NAVAL OUTLYING FIELD, MD US","38.14167","-76.42917","6.4","2017-06-06","4.25","0.00","79","61"
"USW00003757","ST INIGOES WEBSTER NAVAL OUTLYING FIELD, MD US","38.14167","-76.42917","6.4","2017-06-07","7.38","0.00","68","54"
"USW00003757","ST INIGOES WEBSTER NAVAL OUTLYING FIELD, MD US","38.14167","-76.42917","6.4","2017-06-08","4.70","0.00","70","52"
"USW00003757","ST INIGOES WEBSTER NAVAL OUTLYING FIELD, MD US","38.14167","-76.42917","6.4","2017-06-09","6.26","0.00","82","51"
"USW00003757","ST INIGOES WEBSTER NAVAL OUTLYING FIELD, MD US","38.14167","-76.42917","6.4","2017-06-10","5.14","0.00","88","62"
"USW00003757","ST INIGOES WEBSTER NAVAL OUTLYING FIELD, MD US","38.14167","-76.42917","6.4","2017-06-11","5.37","0.00","90","71"
"USW00003757","ST INIGOES WEBSTER NAVAL OUTLYING FIELD, MD US","38.14167","-76.42917","6.4","2017-06-12","5.82","0.00","92","74"
"USW00003757","ST INIGOES WEBSTER NAVAL OUTLYING FIELD, MD US","38.14167","-76.42917","6.4","2017-06-13","6.49","0.00","93","73"
"USW00003757","ST INIGOES WEBSTER NAVAL OUTLYING FIELD, MD US","38.14167","-76.42917","6.4","2017-06-14","6.04","0.00","90","72"
"USW00003757","ST INIGOES WEBSTER NAVAL OUTLYING FIELD, MD US","38.14167","-76.42917","6.4","2017-06-15","5.82","0.00","79","67"
"USW00003757","ST INIGOES WEBSTER NAVAL OUTLYING FIELD, MD US","38.14167","-76.42917","6.4","2017-06-16","2.91","0.03","85","68"
"USW00003757","ST INIGOES WEBSTER NAVAL OUTLYING FIELD, MD US","38.14167","-76.42917","6.4","2017-06-17","6.71","0.06","88","73"
"USW00003757","ST INIGOES WEBSTER NAVAL OUTLYING FIELD, MD US","38.14167","-76.42917","6.4","2017-06-18","11.41","0.00","89","76"
"USW00003757","ST INIGOES WEBSTER NAVAL OUTLYING FIELD, MD US","38.14167","-76.42917","6.4","2017-06-19","11.86","0.86","91","74"
"USW00003757","ST INIGOES WEBSTER NAVAL OUTLYING FIELD, MD US","38.14167","-76.42917","6.4","2017-06-20","8.72","0.00","82","71"
"USW00003757","ST INIGOES WEBSTER NAVAL OUTLYING FIELD, MD US","38.14167","-76.42917","6.4","2017-06-21","9.17","0.01","87","73"
"USW00003757","ST INIGOES WEBSTER NAVAL OUTLYING FIELD, MD US","38.14167","-76.42917","6.4","2017-06-22","6.49","0.00","88","76"
"USW00003757","ST INIGOES WEBSTER NAVAL OUTLYING FIELD, MD US","38.14167","-76.42917","6.4","2017-06-23","12.30","0.23","89","74"
"USW00003757","ST INIGOES WEBSTER NAVAL OUTLYING FIELD, MD US","38.14167","-76.42917","6.4","2017-06-24","9.17","0.12","89","69"
"USW00003757","ST INIGOES WEBSTER NAVAL OUTLYING FIELD, MD US","38.14167","-76.42917","6.4","2017-06-25","3.58","0.00","86","67"
"USW00003757","ST INIGOES WEBSTER NAVAL OUTLYING FIELD, MD US","38.14167","-76.42917","6.4","2017-06-26","4.92","0.00","82","67"
"USW00003757","ST INIGOES WEBSTER NAVAL OUTLYING FIELD, MD US","38.14167","-76.42917","6.4","2017-06-27","3.58","0.35","82","63"
"USW00003757","ST INIGOES WEBSTER NAVAL OUTLYING FIELD, MD US","38.14167","-76.42917","6.4","2017-06-28","4.25","0.00","78","57"
"USW00003757","ST INIGOES WEBSTER NAVAL OUTLYING FIELD, MD US","38.14167","-76.42917","6.4","2017-06-29","10.07","0.00","88","68"
"USW00003757","ST INIGOES WEBSTER NAVAL OUTLYING FIELD, MD US","38.14167","-76.42917","6.4","2017-06-30","10.51","0.00","91","73"
"USW00003757","ST INIGOES WEBSTER NAVAL OUTLYING FIELD, MD US","38.14167","-76.42917","6.4","2017-07-01","8.95","0.36","89","71"
"USW00003757","ST INIGOES WEBSTER NAVAL OUTLYING FIELD, MD US","38.14167","-76.42917","6.4","2017-07-02","3.80","0.00","89","71"
"USW00003757","ST INIGOES WEBSTER NAVAL OUTLYING FIELD, MD US","38.14167","-76.42917","6.4","2017-07-03","3.13","0.00","91","72"
"USW00003757","ST INIGOES WEBSTER NAVAL OUTLYING FIELD, MD US","38.14167","-76.42917","6.4","2017-07-04","2.24","0.00","89","71"
"USW00003757","ST INIGOES WEBSTER NAVAL OUTLYING FIELD, MD US","38.14167","-76.42917","6.4","2017-07-05","6.04","0.03","84","73"
"USW00003757","ST INIGOES WEBSTER NAVAL OUTLYING FIELD, MD US","38.14167","-76.42917","6.4","2017-07-06","5.82","1.41","85","73"
"USW00003757","ST INIGOES WEBSTER NAVAL OUTLYING FIELD, MD US","38.14167","-76.42917","6.4","2017-07-07","8.05","0.01","87","73"
"USW00003757","ST INIGOES WEBSTER NAVAL OUTLYING FIELD, MD US","38.14167","-76.42917","6.4","2017-07-08","5.14","0.79","89","70"
"USW00003757","ST INIGOES WEBSTER NAVAL OUTLYING FIELD, MD US","38.14167","-76.42917","6.4","2017-07-09","3.13","0.00","84","66"
"USW00003757","ST INIGOES WEBSTER NAVAL OUTLYING FIELD, MD US","38.14167","-76.42917","6.4","2017-07-10","6.49","0.00","87","68"
"USW00003757","ST INIGOES WEBSTER NAVAL OUTLYING FIELD, MD US","38.14167","-76.42917","6.4","2017-07-11","7.83","0.00","93","77"
"USW00003757","ST INIGOES WEBSTER NAVAL OUTLYING FIELD, MD US","38.14167","-76.42917","6.4","2017-07-12","4.47","0.00","93","80"
"USW00003757","ST INIGOES WEBSTER NAVAL OUTLYING FIELD, MD US","38.14167","-76.42917","6.4","2017-07-13","6.93","0.00","94","81"
"USW00003757","ST INIGOES WEBSTER NAVAL OUTLYING FIELD, MD US","38.14167","-76.42917","6.4","2017-07-14","5.14","0.41","94","75"
"USW00003757","ST INIGOES WEBSTER NAVAL OUTLYING FIELD, MD US","38.14167","-76.42917","6.4","2017-07-15","5.37","0.00","89","74"
"USW00003757","ST INIGOES WEBSTER NAVAL OUTLYING FIELD, MD US","38.14167","-76.42917","6.4","2017-07-16","3.36","0.00","88","70"
"USW00003757","ST INIGOES WEBSTER NAVAL OUTLYING FIELD, MD US","38.14167","-76.42917","6.4","2017-07-17","5.82","0.00","86","73"
"USW00003757","ST INIGOES WEBSTER NAVAL OUTLYING FIELD, MD US","38.14167","-76.42917","6.4","2017-07-18","5.59","0.00","88","73"
"USW00003757","ST INIGOES WEBSTER NAVAL OUTLYING FIELD, MD US","38.14167","-76.42917","6.4","2017-07-19","4.92","0.00","91","74"
"USW00003757","ST INIGOES WEBSTER NAVAL OUTLYING FIELD, MD US","38.14167","-76.42917","6.4","2017-07-20","6.49","0.00","94","77"
"USW00003757","ST INIGOES WEBSTER NAVAL OUTLYING FIELD, MD US","38.14167","-76.42917","6.4","2017-07-21","5.59","0.00","92","77"
"USW00003757","ST INIGOES WEBSTER NAVAL OUTLYING FIELD, MD US","38.14167","-76.42917","6.4","2017-07-22","7.38","0.87","93","74"
"USW00003757","ST INIGOES WEBSTER NAVAL OUTLYING FIELD, MD US","38.14167","-76.42917","6.4","2017-07-23","4.92","0.36","89","74"
"USW00003757","ST INIGOES WEBSTER NAVAL OUTLYING FIELD, MD US","38.14167","-76.42917","6.4","2017-07-24","8.50","0.04","88","74"
"USW00003757","ST INIGOES WEBSTER NAVAL OUTLYING FIELD, MD US","38.14167","-76.42917","6.4","2017-07-25","4.92","0.00","83","69"
"USW00003757","ST INIGOES WEBSTER NAVAL OUTLYING FIELD, MD US","38.14167","-76.42917","6.4","2017-07-26","5.37","0.00","83","69"
"USW00003757","ST INIGOES WEBSTER NAVAL OUTLYING FIELD, MD US","38.14167","-76.42917","6.4","2017-07-27","6.49","0.00","85","73"
"USW00003757","ST INIGOES WEBSTER NAVAL OUTLYING FIELD, MD US","38.14167","-76.42917","6.4","2017-07-28","5.14","1.70","86","72"
"USW00003757","ST INIGOES WEBSTER NAVAL OUTLYING FIELD, MD US","38.14167","-76.42917","6.4","2017-07-29","8.28","0.30","75","70"
"USW00003757","ST INIGOES WEBSTER NAVAL OUTLYING FIELD, MD US","38.14167","-76.42917","6.4","2017-07-30","4.70","0.00","81","63"
"USW00003757","ST INIGOES WEBSTER NAVAL OUTLYING FIELD, MD US","38.14167","-76.42917","6.4","2017-07-31","2.91","0.00","83","59"
"USW00003757","ST INIGOES WEBSTER NAVAL OUTLYING FIELD, MD US","38.14167","-76.42917","6.4","2017-08-01","4.92","0.00","89","67"
"USW00003757","ST INIGOES WEBSTER NAVAL OUTLYING FIELD, MD US","38.14167","-76.42917","6.4","2017-08-02","5.82","0.00","86","74"
"USW00003757","ST INIGOES WEBSTER NAVAL OUTLYING FIELD, MD US","38.14167","-76.42917","6.4","2017-08-03","6.26","0.00","87","71"
"USW00003757","ST INIGOES WEBSTER NAVAL OUTLYING FIELD, MD US","38.14167","-76.42917","6.4","2017-08-04","7.38","0.00","86","72"
"USW00003757","ST INIGOES WEBSTER NAVAL OUTLYING FIELD, MD US","38.14167","-76.42917","6.4","2017-08-05","6.71","0.00","81","66"
"USW00003757","ST INIGOES WEBSTER NAVAL OUTLYING FIELD, MD US","38.14167","-76.42917","6.4","2017-08-06","4.03","0.00","83","60"
"USW00003757","ST INIGOES WEBSTER NAVAL OUTLYING FIELD, MD US","38.14167","-76.42917","6.4","2017-08-07","6.04","0.62","80","72"
"USW00003757","ST INIGOES WEBSTER NAVAL OUTLYING FIELD, MD US","38.14167","-76.42917","6.4","2017-08-08","2.68","0.00","78","63"
"USW00003757","ST INIGOES WEBSTER NAVAL OUTLYING FIELD, MD US","38.14167","-76.42917","6.4","2017-08-09","2.01","0.00","84","61"
"USW00003757","ST INIGOES WEBSTER NAVAL OUTLYING FIELD, MD US","38.14167","-76.42917","6.4","2017-08-10","2.68","0.00","82","62"
"USW00003757","ST INIGOES WEBSTER NAVAL OUTLYING FIELD, MD US","38.14167","-76.42917","6.4","2017-08-11","6.49","0.00","82","65"
"USW00003757","ST INIGOES WEBSTER NAVAL OUTLYING FIELD, MD US","38.14167","-76.42917","6.4","2017-08-12","5.14","0.23","83","71"
"USW00003757","ST INIGOES WEBSTER NAVAL OUTLYING FIELD, MD US","38.14167","-76.42917","6.4","2017-08-13","3.13","0.03","83","66"
"USW00003757","ST INIGOES WEBSTER NAVAL OUTLYING FIELD, MD US","38.14167","-76.42917","6.4","2017-08-14","3.80","0.00","84","65"
"USW00003757","ST INIGOES WEBSTER NAVAL OUTLYING FIELD, MD US","38.14167","-76.42917","6.4","2017-08-15","1.57","0.44","79","72"
"USW00003757","ST INIGOES WEBSTER NAVAL OUTLYING FIELD, MD US","38.14167","-76.42917","6.4","2017-08-16","3.36","0.00","85","72"
"USW00003757","ST INIGOES WEBSTER NAVAL OUTLYING FIELD, MD US","38.14167","-76.42917","6.4","2017-08-17","6.26","0.45","85","72"
"USW00003757","ST INIGOES WEBSTER NAVAL OUTLYING FIELD, MD US","38.14167","-76.42917","6.4","2017-08-18","7.61","0.85","91","75"
"USW00003757","ST INIGOES WEBSTER NAVAL OUTLYING FIELD, MD US","38.14167","-76.42917","6.4","2017-08-19","4.25","0.00","87","74"
"USW00003757","ST INIGOES WEBSTER NAVAL OUTLYING FIELD, MD US","38.14167","-76.42917","6.4","2017-08-20","2.68","0.00","85","69"
"USW00003757","ST INIGOES WEBSTER NAVAL OUTLYING FIELD, MD US","38.14167","-76.42917","6.4","2017-08-21","5.37","0.00","87","68"
"USW00003757","ST INIGOES WEBSTER NAVAL OUTLYING FIELD, MD US","38.14167","-76.42917","6.4","2017-08-22","9.40","0.00","89","77"
"USW00003757","ST INIGOES WEBSTER NAVAL OUTLYING FIELD, MD US","38.14167","-76.42917","6.4","2017-08-23","3.80","0.00","85","68"
"USW00003757","ST INIGOES WEBSTER NAVAL OUTLYING FIELD, MD US","38.14167","-76.42917","6.4","2017-08-24","2.46","0.00","82","63"
"USW00003757","ST INIGOES WEBSTER NAVAL OUTLYING FIELD, MD US","38.14167","-76.42917","6.4","2017-08-25","2.46","0.00","80","62"
"USW00003757","ST INIGOES WEBSTER NAVAL OUTLYING FIELD, MD US","38.14167","-76.42917","6.4","2017-08-26","4.47","0.00","81","61"
"USW00003757","ST INIGOES WEBSTER NAVAL OUTLYING FIELD, MD US","38.14167","-76.42917","6.4","2017-08-27","6.04","0.00","79","59"
"USW00003757","ST INIGOES WEBSTER NAVAL OUTLYING FIELD, MD US","38.14167","-76.42917","6.4","2017-08-28","9.17","0.00","77","62"
"USW00003757","ST INIGOES WEBSTER NAVAL OUTLYING FIELD, MD US","38.14167","-76.42917","6.4","2017-08-29","10.74","0.75","70","66"
"USW00003757","ST INIGOES WEBSTER NAVAL OUTLYING FIELD, MD US","38.14167","-76.42917","6.4","2017-08-30","4.92","0.00","77","63"
"USW00003757","ST INIGOES WEBSTER NAVAL OUTLYING FIELD, MD US","38.14167","-76.42917","6.4","2017-08-31","6.04","0.00","84","69"
"USW00003757","ST INIGOES WEBSTER NAVAL OUTLYING FIELD, MD US","38.14167","-76.42917","6.4","2017-09-01","5.59","0.27","73","58"
"USW00003757","ST INIGOES WEBSTER NAVAL OUTLYING FIELD, MD US","38.14167","-76.42917","6.4","2017-09-02","6.71","0.99","69","59"
"USW00003757","ST INIGOES WEBSTER NAVAL OUTLYING FIELD, MD US","38.14167","-76.42917","6.4","2017-09-03","5.14","0.02","75","60"
"USW00003757","ST INIGOES WEBSTER NAVAL OUTLYING FIELD, MD US","38.14167","-76.42917","6.4","2017-09-04","5.37","0.00","80","57"
"USW00003757","ST INIGOES WEBSTER NAVAL OUTLYING FIELD, MD US","38.14167","-76.42917","6.4","2017-09-05","8.28","0.00","84","71"
"USW00003757","ST INIGOES WEBSTER NAVAL OUTLYING FIELD, MD US","38.14167","-76.42917","6.4","2017-09-06","6.04","0.26","75","63"
"USW00003757","ST INIGOES WEBSTER NAVAL OUTLYING FIELD, MD US","38.14167","-76.42917","6.4","2017-09-07","5.59","0.01","73","55"
"USW00003757","ST INIGOES WEBSTER NAVAL OUTLYING FIELD, MD US","38.14167","-76.42917","6.4","2017-09-08","2.68","0.00","75","52"
"USW00003757","ST INIGOES WEBSTER NAVAL OUTLYING FIELD, MD US","38.14167","-76.42917","6.4","2017-09-09","3.80","0.00","72","57"
"USW00003757","ST INIGOES WEBSTER NAVAL OUTLYING FIELD, MD US","38.14167","-76.42917","6.4","2017-09-10","3.80","0.00","72","52"
"USW00003757","ST INIGOES WEBSTER NAVAL OUTLYING FIELD, MD US","38.14167","-76.42917","6.4","2017-09-11","2.91",,"72","51"
"USW00003757","ST INIGOES WEBSTER NAVAL OUTLYING FIELD, MD US","38.14167","-76.42917","6.4","2017-09-12","4.25","0.00","77","60"
"USW00003757","ST INIGOES WEBSTER NAVAL OUTLYING FIELD, MD US","38.14167","-76.42917","6.4","2017-09-13","5.37","0.02","83","69"
"USW00003757","ST INIGOES WEBSTER NAVAL OUTLYING FIELD, MD US","38.14167","-76.42917","6.4","2017-09-14","6.26","0.00","80","70"
"USW00003757","ST INIGOES WEBSTER NAVAL OUTLYING FIELD, MD US","38.14167","-76.42917","6.4","2017-09-15","1.12","0.00","81","64"
"USW00003757","ST INIGOES WEBSTER NAVAL OUTLYING FIELD, MD US","38.14167","-76.42917","6.4","2017-09-16","2.01","0.00","84","62"
"USW00003757","ST INIGOES WEBSTER NAVAL OUTLYING FIELD, MD US","38.14167","-76.42917","6.4","2017-09-17","3.80","0.00","83","65"
"USW00003757","ST INIGOES WEBSTER NAVAL OUTLYING FIELD, MD US","38.14167","-76.42917","6.4","2017-09-18","6.26","0.00","81","68"
"USW00003757","ST INIGOES WEBSTER NAVAL OUTLYING FIELD, MD US","38.14167","-76.42917","6.4","2017-09-19","5.59","0.03","79","71"
"USW00003757","ST INIGOES WEBSTER NAVAL OUTLYING FIELD, MD US","38.14167","-76.42917","6.4","2017-09-20","4.47","0.00","85","63"
"USW00003757","ST INIGOES WEBSTER NAVAL OUTLYING FIELD, MD US","38.14167","-76.42917","6.4","2017-09-21","2.24","0.00","86","61"
"USW00003757","ST INIGOES WEBSTER NAVAL OUTLYING FIELD, MD US","38.14167","-76.42917","6.4","2017-09-22","2.68","0.00","83","63"
"USW00003757","ST INIGOES WEBSTER NAVAL OUTLYING FIELD, MD US","38.14167","-76.42917","6.4","2017-09-23","2.46","0.00","85","61"
"USW00003757","ST INIGOES WEBSTER NAVAL OUTLYING FIELD, MD US","38.14167","-76.42917","6.4","2017-09-24","2.01","0.00","88","60"
"USW00003757","ST INIGOES WEBSTER NAVAL OUTLYING FIELD, MD US","38.14167","-76.42917","6.4","2017-09-25","3.58","0.00","87","62"
"USW00003757","ST INIGOES WEBSTER NAVAL OUTLYING FIELD, MD US","38.14167","-76.42917","6.4","2017-09-26","7.61","0.00","79","69"
"USW00003757","ST INIGOES WEBSTER NAVAL OUTLYING FIELD, MD US","38.14167","-76.42917","6.4","2017-09-27","7.16","0.00","86","73"
"USW00003757","ST INIGOES WEBSTER NAVAL OUTLYING FIELD, MD US","38.14167","-76.42917","6.4","2017-09-28","6.26","0.00","83","58"
"USW00003757","ST INIGOES WEBSTER NAVAL OUTLYING FIELD, MD US","38.14167","-76.42917","6.4","2017-09-29","4.47","0.00","73","53"
"USW00003757","ST INIGOES WEBSTER NAVAL OUTLYING FIELD, MD US","38.14167","-76.42917","6.4","2017-09-30","7.16","0.00","70","53"
"USW00003757","ST INIGOES WEBSTER NAVAL OUTLYING FIELD, MD US","38.14167","-76.42917","6.4","2017-10-01","4.25","0.00","71","50"
"USW00003757","ST INIGOES WEBSTER NAVAL OUTLYING FIELD, MD US","38.14167","-76.42917","6.4","2017-10-02","2.24","0.00","73","47"
"USW00003757","ST INIGOES WEBSTER NAVAL OUTLYING FIELD, MD US","38.14167","-76.42917","6.4","2017-10-03","2.68","0.00","73","48"
"USW00003757","ST INIGOES WEBSTER NAVAL OUTLYING FIELD, MD US","38.14167","-76.42917","6.4","2017-10-04","3.80","0.00","75","48"
"USW00003757","ST INIGOES WEBSTER NAVAL OUTLYING FIELD, MD US","38.14167","-76.42917","6.4","2017-10-05","7.61","0.00","82","63"
"USW00003757","ST INIGOES WEBSTER NAVAL OUTLYING FIELD, MD US","38.14167","-76.42917","6.4","2017-10-06","6.93","0.00","85","66"
"USW00003757","ST INIGOES WEBSTER NAVAL OUTLYING FIELD, MD US","38.14167","-76.42917","6.4","2017-10-07","7.61","0.00","83","68"
"USW00003757","ST INIGOES WEBSTER NAVAL OUTLYING FIELD, MD US","38.14167","-76.42917","6.4","2017-10-08","8.05","0.00","86","74"
"USW00003757","ST INIGOES WEBSTER NAVAL OUTLYING FIELD, MD US","38.14167","-76.42917","6.4","2017-10-09","8.72","0.04","86","74"
"USW00003757","ST INIGOES WEBSTER NAVAL OUTLYING FIELD, MD US","38.14167","-76.42917","6.4","2017-10-10","3.58","0.01","87","71"
"USW00003757","ST INIGOES WEBSTER NAVAL OUTLYING FIELD, MD US","38.14167","-76.42917","6.4","2017-10-11","8.05","1.41","75","68"
"USW00003757","ST INIGOES WEBSTER NAVAL OUTLYING FIELD, MD US","38.14167","-76.42917","6.4","2017-10-12","10.29","0.14","69","63"
"USW00003757","ST INIGOES WEBSTER NAVAL OUTLYING FIELD, MD US","38.14167","-76.42917","6.4","2017-10-13","6.49","0.02","69","63"
"USW00003757","ST INIGOES WEBSTER NAVAL OUTLYING FIELD, MD US","38.14167","-76.42917","6.4","2017-10-14","2.24","0.02","69","65"
"USW00003757","ST INIGOES WEBSTER NAVAL OUTLYING FIELD, MD US","38.14167","-76.42917","6.4","2017-10-15","8.28","0.00","81","66"
"USW00003757","ST INIGOES WEBSTER NAVAL OUTLYING FIELD, MD US","38.14167","-76.42917","6.4","2017-10-16","6.04","0.00","73","53"
"USW00003757","ST INIGOES WEBSTER NAVAL OUTLYING FIELD, MD US","38.14167","-76.42917","6.4","2017-10-17","4.92","0.00","60","40"
"USW00003757","ST INIGOES WEBSTER NAVAL OUTLYING FIELD, MD US","38.14167","-76.42917","6.4","2017-10-18","2.46","0.00","69","40"
"USW00003757","ST INIGOES WEBSTER NAVAL OUTLYING FIELD, MD US","38.14167","-76.42917","6.4","2017-10-19","2.91","0.00","73","46"
"USW00003757","ST INIGOES WEBSTER NAVAL OUTLYING FIELD, MD US","38.14167","-76.42917","6.4","2017-10-20","1.34","0.00","76","48"
"USW00003757","ST INIGOES WEBSTER NAVAL OUTLYING FIELD, MD US","38.14167","-76.42917","6.4","2017-10-21","1.12","0.00","76","47"
"USW00003757","ST INIGOES WEBSTER NAVAL OUTLYING FIELD, MD US","38.14167","-76.42917","6.4","2017-10-22","2.01","0.00","74","49"
"USW00003757","ST INIGOES WEBSTER NAVAL OUTLYING FIELD, MD US","38.14167","-76.42917","6.4","2017-10-23","8.50","0.00","77","57"
"USW00003757","ST INIGOES WEBSTER NAVAL OUTLYING FIELD, MD US","38.14167","-76.42917","6.4","2017-10-24","7.61","0.17","77","55"
"USW00003757","ST INIGOES WEBSTER NAVAL OUTLYING FIELD, MD US","38.14167","-76.42917","6.4","2017-10-25","4.92","0.00","65","45"
"USW00003757","ST INIGOES WEBSTER NAVAL OUTLYING FIELD, MD US","38.14167","-76.42917","6.4","2017-10-26","7.38","0.00","62","42"
"USW00003757","ST INIGOES WEBSTER NAVAL OUTLYING FIELD, MD US","38.14167","-76.42917","6.4","2017-10-27","7.16","0.00","68","38"
"USW00003757","ST INIGOES WEBSTER NAVAL OUTLYING FIELD, MD US","38.14167","-76.42917","6.4","2017-10-28","8.28","0.00","73","55"
"USW00003757","ST INIGOES WEBSTER NAVAL OUTLYING FIELD, MD US","38.14167","-76.42917","6.4","2017-10-29","8.50","0.99","68","48"
"USW00003757","ST INIGOES WEBSTER NAVAL OUTLYING FIELD, MD US","38.14167","-76.42917","6.4","2017-10-30","14.99","0.18","58","46"
"USW00003757","ST INIGOES WEBSTER NAVAL OUTLYING FIELD, MD US","38.14167","-76.42917","6.4","2017-10-31","4.25","0.00","63","45"
"USW00003757","ST INIGOES WEBSTER NAVAL OUTLYING FIELD, MD US","38.14167","-76.42917","6.4","2017-11-01","6.71","0.00","67","46"
"USW00003757","ST INIGOES WEBSTER NAVAL OUTLYING FIELD, MD US","38.14167","-76.42917","6.4","2017-11-02","4.47","0.00","75","61"
"USW00003757","ST INIGOES WEBSTER NAVAL OUTLYING FIELD, MD US","38.14167","-76.42917","6.4","2017-11-03","4.92","0.00","79","59"
"USW00003757","ST INIGOES WEBSTER NAVAL OUTLYING FIELD, MD US","38.14167","-76.42917","6.4","2017-11-04","7.16","0.00","62","51"
"USW00003757","ST INIGOES WEBSTER NAVAL OUTLYING FIELD, MD US","38.14167","-76.42917","6.4","2017-11-05","4.25","0.00","68","58"
"USW00003757","ST INIGOES WEBSTER NAVAL OUTLYING FIELD, MD US","38.14167","-76.42917","6.4","2017-11-06","5.82","0.25","73","60"
"USW00003757","ST INIGOES WEBSTER NAVAL OUTLYING FIELD, MD US","38.14167","-76.42917","6.4","2017-11-07","6.71","0.63","60","46"
"USW00003757","ST INIGOES WEBSTER NAVAL OUTLYING FIELD, MD US","38.14167","-76.42917","6.4","2017-11-08","6.26","0.11","49","45"
"USW00003757","ST INIGOES WEBSTER NAVAL OUTLYING FIELD, MD US","38.14167","-76.42917","6.4","2017-11-09","5.37","0.00","61","49"
"USW00003757","ST INIGOES WEBSTER NAVAL OUTLYING FIELD, MD US","38.14167","-76.42917","6.4","2017-11-10","6.49","0.00","53","33"
"USW00003757","ST INIGOES WEBSTER NAVAL OUTLYING FIELD, MD US","38.14167","-76.42917","6.4","2017-11-11","4.03","0.00","40","29"
"USW00003757","ST INIGOES WEBSTER NAVAL OUTLYING FIELD, MD US","38.14167","-76.42917","6.4","2017-11-12","1.57","0.00","47","29"
"USW00003757","ST INIGOES WEBSTER NAVAL OUTLYING FIELD, MD US","38.14167","-76.42917","6.4","2017-11-13","3.13","0.33","50","42"
"USW00003757","ST INIGOES WEBSTER NAVAL OUTLYING FIELD, MD US","38.14167","-76.42917","6.4","2017-11-14","3.36","0.00","51","39"
"USW00003757","ST INIGOES WEBSTER NAVAL OUTLYING FIELD, MD US","38.14167","-76.42917","6.4","2017-11-15","2.91","0.00","54","36"
"USW00003757","ST INIGOES WEBSTER NAVAL OUTLYING FIELD, MD US","38.14167","-76.42917","6.4","2017-11-16","7.38","0.00","61","44"
"USW00003757","ST INIGOES WEBSTER NAVAL OUTLYING FIELD, MD US","38.14167","-76.42917","6.4","2017-11-17","6.26","0.00","53","33"
"USW00003757","ST INIGOES WEBSTER NAVAL OUTLYING FIELD, MD US","38.14167","-76.42917","6.4","2017-11-18","11.41","0.00","63","33"
"USW00003757","ST INIGOES WEBSTER NAVAL OUTLYING FIELD, MD US","38.14167","-76.42917","6.4","2017-11-19","14.76","0.02","65","43"
"USW00003757","ST INIGOES WEBSTER NAVAL OUTLYING FIELD, MD US","38.14167","-76.42917","6.4","2017-11-20","6.04","0.00","52","36"
"USW00003757","ST INIGOES WEBSTER NAVAL OUTLYING FIELD, MD US","38.14167","-76.42917","6.4","2017-11-21","9.62","0.01","61","44"
"USW00003757","ST INIGOES WEBSTER NAVAL OUTLYING FIELD, MD US","38.14167","-76.42917","6.4","2017-11-22","6.71","0.20","60","38"
"USW00003757","ST INIGOES WEBSTER NAVAL OUTLYING FIELD, MD US","38.14167","-76.42917","6.4","2017-11-23","4.25","0.00","44","29"
"USW00003757","ST INIGOES WEBSTER NAVAL OUTLYING FIELD, MD US","38.14167","-76.42917","6.4","2017-11-24","1.57","0.00","51","29"
"USW00003757","ST INIGOES WEBSTER NAVAL OUTLYING FIELD, MD US","38.14167","-76.42917","6.4","2017-11-25","3.36","0.00","65","32"
"USW00003757","ST INIGOES WEBSTER NAVAL OUTLYING FIELD, MD US","38.14167","-76.42917","6.4","2017-11-26","6.26","0.00","54","32"
"USW00003757","ST INIGOES WEBSTER NAVAL OUTLYING FIELD, MD US","38.14167","-76.42917","6.4","2017-11-27","2.46","0.00","58","31"
"USW00003757","ST INIGOES WEBSTER NAVAL OUTLYING FIELD, MD US","38.14167","-76.42917","6.4","2017-11-28","4.47","0.00","62","33"
"USW00003757","ST INIGOES WEBSTER NAVAL OUTLYING FIELD, MD US","38.14167","-76.42917","6.4","2017-11-29","4.47","0.00","67","39"
"USW00003757","ST INIGOES WEBSTER NAVAL OUTLYING FIELD, MD US","38.14167","-76.42917","6.4","2017-11-30","6.93","0.00","60","39"
"USW00003757","ST INIGOES WEBSTER NAVAL OUTLYING FIELD, MD US","38.14167","-76.42917","6.4","2017-12-01","3.80","0.00","56","33"
"USW00003757","ST INIGOES WEBSTER NAVAL OUTLYING FIELD, MD US","38.14167","-76.42917","6.4","2017-12-02","1.12","0.00","52","30"
"USW00003757","ST INIGOES WEBSTER NAVAL OUTLYING FIELD, MD US","38.14167","-76.42917","6.4","2017-12-03","1.34","0.00","56","35"
"USW00003757","ST INIGOES WEBSTER NAVAL OUTLYING FIELD, MD US","38.14167","-76.42917","6.4","2017-12-04","1.57","0.00","54","31"
"USW00003757","ST INIGOES WEBSTER NAVAL OUTLYING FIELD, MD US","38.14167","-76.42917","6.4","2017-12-05","7.16","0.02","65","39"
"USW00003757","ST INIGOES WEBSTER NAVAL OUTLYING FIELD, MD US","38.14167","-76.42917","6.4","2017-12-06","5.14","0.02","59","43"
"USW00003757","ST INIGOES WEBSTER NAVAL OUTLYING FIELD, MD US","38.14167","-76.42917","6.4","2017-12-07","4.92","0.00","49","36"
"USW00003757","ST INIGOES WEBSTER NAVAL OUTLYING FIELD, MD US","38.14167","-76.42917","6.4","2017-12-08","3.36","0.37","46","33"
"USW00003757","ST INIGOES WEBSTER NAVAL OUTLYING FIELD, MD US","38.14167","-76.42917","6.4","2017-12-09","4.92","0.28","34","32"
"USW00003757","ST INIGOES WEBSTER NAVAL OUTLYING FIELD, MD US","38.14167","-76.42917","6.4","2017-12-10","10.74","0.00","39","32"
"USW00003757","ST INIGOES WEBSTER NAVAL OUTLYING FIELD, MD US","38.14167","-76.42917","6.4","2017-12-11","6.26","0.00","47","30"
"USW00003757","ST INIGOES WEBSTER NAVAL OUTLYING FIELD, MD US","38.14167","-76.42917","6.4","2017-12-12","10.74","0.01","47","27"
"USW00003757","ST INIGOES WEBSTER NAVAL OUTLYING FIELD, MD US","38.14167","-76.42917","6.4","2017-12-13","15.21","0.00","38","23"
"USW00003757","ST INIGOES WEBSTER NAVAL OUTLYING FIELD, MD US","38.14167","-76.42917","6.4","2017-12-14","9.62","0.00","47","29"
"USW00003757","ST INIGOES WEBSTER NAVAL OUTLYING FIELD, MD US","38.14167","-76.42917","6.4","2017-12-15","5.37","0.00","35","27"
"USW00003757","ST INIGOES WEBSTER NAVAL OUTLYING FIELD, MD US","38.14167","-76.42917","6.4","2017-12-16","8.28","0.00","47","27"
"USW00003757","ST INIGOES WEBSTER NAVAL OUTLYING FIELD, MD US","38.14167","-76.42917","6.4","2017-12-17","2.68","0.00","50","28"
"USW00003757","ST INIGOES WEBSTER NAVAL OUTLYING FIELD, MD US","38.14167","-76.42917","6.4","2017-12-18","2.68","0.00","55","33"
"USW00003757","ST INIGOES WEBSTER NAVAL OUTLYING FIELD, MD US","38.14167","-76.42917","6.4","2017-12-19","2.91","0.00","58","32"
"USW00003757","ST INIGOES WEBSTER NAVAL OUTLYING FIELD, MD US","38.14167","-76.42917","6.4","2017-12-20","2.24","0.00","53","31"
"USW00003757","ST INIGOES WEBSTER NAVAL OUTLYING FIELD, MD US","38.14167","-76.42917","6.4","2017-12-21","3.58","0.00","45","28"
"USW00003757","ST INIGOES WEBSTER NAVAL OUTLYING FIELD, MD US","38.14167","-76.42917","6.4","2017-12-22","4.70","0.00","57","31"
"USW00003757","ST INIGOES WEBSTER NAVAL OUTLYING FIELD, MD US","38.14167","-76.42917","6.4","2017-12-23","10.74","0.07","66","50"
"USW00003757","ST INIGOES WEBSTER NAVAL OUTLYING FIELD, MD US","38.14167","-76.42917","6.4","2017-12-24","5.82","0.01","50","39"
"USW00003757","ST INIGOES WEBSTER NAVAL OUTLYING FIELD, MD US","38.14167","-76.42917","6.4","2017-12-25","12.53","0.00","42","30"
"USW00003757","ST INIGOES WEBSTER NAVAL OUTLYING FIELD, MD US","38.14167","-76.42917","6.4","2017-12-26","3.36","0.00","38","28"
"USW00003757","ST INIGOES WEBSTER NAVAL OUTLYING FIELD, MD US","38.14167","-76.42917","6.4","2017-12-27","6.49","0.00","34","21"
"USW00003757","ST INIGOES WEBSTER NAVAL OUTLYING FIELD, MD US","38.14167","-76.42917","6.4","2017-12-28","5.59","0.00","26","17"
"USW00003757","ST INIGOES WEBSTER NAVAL OUTLYING FIELD, MD US","38.14167","-76.42917","6.4","2017-12-29","4.47","0.00","33","18"
"USW00003757","ST INIGOES WEBSTER NAVAL OUTLYING FIELD, MD US","38.14167","-76.42917","6.4","2017-12-30","5.82","0.00","33","25"
"USW00003757","ST INIGOES WEBSTER NAVAL OUTLYING FIELD, MD US","38.14167","-76.42917","6.4","2017-12-31","8.28","0.00","25","17"
"USW00003757","ST INIGOES WEBSTER NAVAL OUTLYING FIELD, MD US","38.14167","-76.42917","6.4","2018-01-01","7.61","0.00","25","13"
"USW00003757","ST INIGOES WEBSTER NAVAL OUTLYING FIELD, MD US","38.14167","-76.42917","6.4","2018-01-02","7.38","0.00","24","11"
"USW00003757","ST INIGOES WEBSTER NAVAL OUTLYING FIELD, MD US","38.14167","-76.42917","6.4","2018-01-03","2.91","0.07","35","11"
"USW00003757","ST INIGOES WEBSTER NAVAL OUTLYING FIELD, MD US","38.14167","-76.42917","6.4","2018-01-04","17.90","0.16","28","17"
"USW00003757","ST INIGOES WEBSTER NAVAL OUTLYING FIELD, MD US","38.14167","-76.42917","6.4","2018-01-05","15.21","0.00","23","14"
"USW00003757","ST INIGOES WEBSTER NAVAL OUTLYING FIELD, MD US","38.14167","-76.42917","6.4","2018-01-06","10.07","0.00","20","9"
"USW00003757","ST INIGOES WEBSTER NAVAL OUTLYING FIELD, MD US","38.14167","-76.42917","6.4","2018-01-07","6.71","0.00","20","7"
"USW00003757","ST INIGOES WEBSTER NAVAL OUTLYING FIELD, MD US","38.14167","-76.42917","6.4","2018-01-08","10.96","0.13","42","20"
"USW00003757","ST INIGOES WEBSTER NAVAL OUTLYING FIELD, MD US","38.14167","-76.42917","6.4","2018-01-09","1.57","0.00","48","28"
"USW00003757","ST INIGOES WEBSTER NAVAL OUTLYING FIELD, MD US","38.14167","-76.42917","6.4","2018-01-10","2.24","0.00","44","27"
"USW00003757","ST INIGOES WEBSTER NAVAL OUTLYING FIELD, MD US","38.14167","-76.42917","6.4","2018-01-11","4.47","0.00","62","35"
"USW00003757","ST INIGOES WEBSTER NAVAL OUTLYING FIELD, MD US","38.14167","-76.42917","6.4","2018-01-12","8.95","0.66","66","56"
"USW00003757","ST INIGOES WEBSTER NAVAL OUTLYING FIELD, MD US","38.14167","-76.42917","6.4","2018-01-13","11.41","0.03","59","25"
"USW00003757","ST INIGOES WEBSTER NAVAL OUTLYING FIELD, MD US","38.14167","-76.42917","6.4","2018-01-14","6.93","0.00","27","18"
"USW00003757","ST INIGOES WEBSTER NAVAL OUTLYING FIELD, MD US","38.14167","-76.42917","6.4","2018-01-15","5.37","0.00","32","22"
"USW00003757","ST INIGOES WEBSTER NAVAL OUTLYING FIELD, MD US","38.14167","-76.42917","6.4","2018-01-16","0.89","0.00","39","30"
"USW00003757","ST INIGOES WEBSTER NAVAL OUTLYING FIELD, MD US","38.14167","-76.42917","6.4","2018-01-17","6.93","0.00","35","24"
"USW00003757","ST INIGOES WEBSTER NAVAL OUTLYING FIELD, MD US","38.14167","-76.42917","6.4","2018-01-18","7.61","0.00","39","20"
"USW00003757","ST INIGOES WEBSTER NAVAL OUTLYING FIELD, MD US","38.14167","-76.42917","6.4","2018-01-19","2.01","0.00","50","23"
"USW00003757","ST INIGOES WEBSTER NAVAL OUTLYING FIELD, MD US","38.14167","-76.42917","6.4","2018-01-20","1.57","0.00","57","26"
"USW00003757","ST INIGOES WEBSTER NAVAL OUTLYING FIELD, MD US","38.14167","-76.42917","6.4","2018-01-21","4.03","0.00","60","29"
"USW00003757","ST INIGOES WEBSTER NAVAL OUTLYING FIELD, MD US","38.14167","-76.42917","6.4","2018-01-22","6.26","0.00","64","44"
"USW00003757","ST INIGOES WEBSTER NAVAL OUTLYING FIELD, MD US","38.14167","-76.42917","6.4","2018-01-23","8.72","0.25","69","39"
"USW00003757","ST INIGOES WEBSTER NAVAL OUTLYING FIELD, MD US","38.14167","-76.42917","6.4","2018-01-24","5.59","0.00","51","31"
"USW00003757","ST INIGOES WEBSTER NAVAL OUTLYING FIELD, MD US","38.14167","-76.42917","6.4","2018-01-25","5.82","0.00","42","25"
"USW00003757","ST INIGOES WEBSTER NAVAL OUTLYING FIELD, MD US","38.14167","-76.42917","6.4","2018-01-26","5.82","0.00","43","23"
"USW00003757","ST INIGOES WEBSTER NAVAL OUTLYING FIELD, MD US","38.14167","-76.42917","6.4","2018-01-27","8.50","0.00","62","35"
"USW00003757","ST INIGOES WEBSTER NAVAL OUTLYING FIELD, MD US","38.14167","-76.42917","6.4","2018-01-28","6.71","0.71","56","48"
"USW00003757","ST INIGOES WEBSTER NAVAL OUTLYING FIELD, MD US","38.14167","-76.42917","6.4","2018-01-29","6.93","0.30","48","38"
"USW00003757","ST INIGOES WEBSTER NAVAL OUTLYING FIELD, MD US","38.14167","-76.42917","6.4","2018-01-30","10.29","0.00","38","24"
"USW00003757","ST INIGOES WEBSTER NAVAL OUTLYING FIELD, MD US","38.14167","-76.42917","6.4","2018-01-31","7.61","0.00","38","22"
"USW00003757","ST INIGOES WEBSTER NAVAL OUTLYING FIELD, MD US","38.14167","-76.42917","6.4","2018-02-01","10.07","0.00","55","37"
"USW00003757","ST INIGOES WEBSTER NAVAL OUTLYING FIELD, MD US","38.14167","-76.42917","6.4","2018-02-02","11.41","0.13","52","20"
"USW00003757","ST INIGOES WEBSTER NAVAL OUTLYING FIELD, MD US","38.14167","-76.42917","6.4","2018-02-03","6.49","0.00","33","17"
"USW00003757","ST INIGOES WEBSTER NAVAL OUTLYING FIELD, MD US","38.14167","-76.42917","6.4","2018-02-04","6.04","0.30","48","32"
"USW00003757","ST INIGOES WEBSTER NAVAL OUTLYING FIELD, MD US","38.14167","-76.42917","6.4","2018-02-05","7.16","0.00","40","25"
"USW00003757","ST INIGOES WEBSTER NAVAL OUTLYING FIELD, MD US","38.14167","-76.42917","6.4","2018-02-06","5.82","0.00","47","27"
"USW00003757","ST INIGOES WEBSTER NAVAL OUTLYING FIELD, MD US","38.14167","-76.42917","6.4","2018-02-07","6.93","0.30","52","33"
"USW00003757","ST INIGOES WEBSTER NAVAL OUTLYING FIELD, MD US","38.14167","-76.42917","6.4","2018-02-08","5.82","0.00","39","26"
"USW00003757","ST INIGOES WEBSTER NAVAL OUTLYING FIELD, MD US","38.14167","-76.42917","6.4","2018-02-09","6.26","0.00","46","25"
"USW00003757","ST INIGOES WEBSTER NAVAL OUTLYING FIELD, MD US","38.14167","-76.42917","6.4","2018-02-10","2.46","0.25","51","41"
"USW00003757","ST INIGOES WEBSTER NAVAL OUTLYING FIELD, MD US","38.14167","-76.42917","6.4","2018-02-11","9.17","0.41","70","50"
"USW00003757","ST INIGOES WEBSTER NAVAL OUTLYING FIELD, MD US","38.14167","-76.42917","6.4","2018-02-12","5.82","0.30","67","35"
"USW00003757","ST INIGOES WEBSTER NAVAL OUTLYING FIELD, MD US","38.14167","-76.42917","6.4","2018-02-13","4.70","0.00","39","33"
"USW00003757","ST INIGOES WEBSTER NAVAL OUTLYING FIELD, MD US","38.14167","-76.42917","6.4","2018-02-14","5.82","0.00","52","37"
"USW00003757","ST INIGOES WEBSTER NAVAL OUTLYING FIELD, MD US","38.14167","-76.42917","6.4","2018-02-15","9.40","0.01","66","51"
"USW00003757","ST INIGOES WEBSTER NAVAL OUTLYING FIELD, MD US","38.14167","-76.42917","6.4","2018-02-16","8.50","0.03","66","43"
"USW00003757","ST INIGOES WEBSTER NAVAL OUTLYING FIELD, MD US","38.14167","-76.42917","6.4","2018-02-17","4.92","0.48","43","32"
"USW00003757","ST INIGOES WEBSTER NAVAL OUTLYING FIELD, MD US","38.14167","-76.42917","6.4","2018-02-18","5.59","0.00","51","34"
"USW00003757","ST INIGOES WEBSTER NAVAL OUTLYING FIELD, MD US","38.14167","-76.42917","6.4","2018-02-19","5.14","0.05","52","39"
"USW00003757","ST INIGOES WEBSTER NAVAL OUTLYING FIELD, MD US","38.14167","-76.42917","6.4","2018-02-20","7.16","0.00","71","52"
"USW00003757","ST INIGOES WEBSTER NAVAL OUTLYING FIELD, MD US","38.14167","-76.42917","6.4","2018-02-21","10.51","0.00","76","59"
"USW00003757","ST INIGOES WEBSTER NAVAL OUTLYING FIELD, MD US","38.14167","-76.42917","6.4","2018-02-22","8.05","0.00","65","42"
"USW00003757","ST INIGOES WEBSTER NAVAL OUTLYING FIELD, MD US","38.14167","-76.42917","6.4","2018-02-23","4.25","0.00","50","41"
"USW00003757","ST INIGOES WEBSTER NAVAL OUTLYING FIELD, MD US","38.14167","-76.42917","6.4","2018-02-24","4.70","0.02","60","49"
"USW00003757","ST INIGOES WEBSTER NAVAL OUTLYING FIELD, MD US","38.14167","-76.42917","6.4","2018-02-25","3.36","0.00","57","48"
"USW00003757","ST INIGOES WEBSTER NAVAL OUTLYING FIELD, MD US","38.14167","-76.42917","6.4","2018-02-26","2.01","0.00","54","35"
"USW00003757","ST INIGOES WEBSTER NAVAL OUTLYING FIELD, MD US","38.14167","-76.42917","6.4","2018-02-27","4.47","0.00","55","31"
"USW00003757","ST INIGOES WEBSTER NAVAL OUTLYING FIELD, MD US","38.14167","-76.42917","6.4","2018-02-28","9.17","0.00","61","43"
"USW00003757","ST INIGOES WEBSTER NAVAL OUTLYING FIELD, MD US","38.14167","-76.42917","6.4","2018-03-01","3.80","0.07","55","48"
"USW00003757","ST INIGOES WEBSTER NAVAL OUTLYING FIELD, MD US","38.14167","-76.42917","6.4","2018-03-02","24.61","0.00","55","42"
"USW00003757","ST INIGOES WEBSTER NAVAL OUTLYING FIELD, MD US","38.14167","-76.42917","6.4","2018-03-03","11.41","0.00","54","39"
"USW00003757","ST INIGOES WEBSTER NAVAL OUTLYING FIELD, MD US","38.14167","-76.42917","6.4","2018-03-04","8.95","0.00","52","38"
"USW00003757","ST INIGOES WEBSTER NAVAL OUTLYING FIELD, MD US","38.14167","-76.42917","6.4","2018-03-05","6.49","0.00","48","28"
"USW00003757","ST INIGOES WEBSTER NAVAL OUTLYING FIELD, MD US","38.14167","-76.42917","6.4","2018-03-06","4.47","0.43","45","25"
"USW00003757","ST INIGOES WEBSTER NAVAL OUTLYING FIELD, MD US","38.14167","-76.42917","6.4","2018-03-07","8.72","0.13","48","38"
"USW00003757","ST INIGOES WEBSTER NAVAL OUTLYING FIELD, MD US","38.14167","-76.42917","6.4","2018-03-08","10.51","0.00","45","33"
"USW00003757","ST INIGOES WEBSTER NAVAL OUTLYING FIELD, MD US","38.14167","-76.42917","6.4","2018-03-09","9.84","0.00","46","28"
"USW00003757","ST INIGOES WEBSTER NAVAL OUTLYING FIELD, MD US","38.14167","-76.42917","6.4","2018-03-10","1.12","0.00","43","26"
"USW00003757","ST INIGOES WEBSTER NAVAL OUTLYING FIELD, MD US","38.14167","-76.42917","6.4","2018-03-11","3.80","0.00","45","28"
"USW00003757","ST INIGOES WEBSTER NAVAL OUTLYING FIELD, MD US","38.14167","-76.42917","6.4","2018-03-12","8.50","0.31","42","34"
"USW00003757","ST INIGOES WEBSTER NAVAL OUTLYING FIELD, MD US","38.14167","-76.42917","6.4","2018-03-13","11.63","0.00","47","33"
"USW00003757","ST INIGOES WEBSTER NAVAL OUTLYING FIELD, MD US","38.14167","-76.42917","6.4","2018-03-14","14.32","0.00","44","31"
"USW00003757","ST INIGOES WEBSTER NAVAL OUTLYING FIELD, MD US","38.14167","-76.42917","6.4","2018-03-15","10.51","0.00","55","30"
"USW00003757","ST INIGOES WEBSTER NAVAL OUTLYING FIELD, MD US","38.14167","-76.42917","6.4","2018-03-16","7.83","0.00","47","29"
"USW00003757","ST INIGOES WEBSTER NAVAL OUTLYING FIELD, MD US","38.14167","-76.42917","6.4","2018-03-17","2.91","0.00","46","26"
"USW00003757","ST INIGOES WEBSTER NAVAL OUTLYING FIELD, MD US","38.14167","-76.42917","6.4","2018-03-18","4.92","0.00","53","31"
"USW00003757","ST INIGOES WEBSTER NAVAL OUTLYING FIELD, MD US","38.14167","-76.42917","6.4","2018-03-19","5.82","0.00","54","34"
"USW00003757","ST INIGOES WEBSTER NAVAL OUTLYING FIELD, MD US","38.14167","-76.42917","6.4","2018-03-20","11.41","0.98","43","34"
"USW00003757","ST INIGOES WEBSTER NAVAL OUTLYING FIELD, MD US","38.14167","-76.42917","6.4","2018-03-21","7.38","0.45","35","33"
"USW00003757","ST INIGOES WEBSTER NAVAL OUTLYING FIELD, MD US","38.14167","-76.42917","6.4","2018-03-22","10.51","0.00","49","35"
"USW00003757","ST INIGOES WEBSTER NAVAL OUTLYING FIELD, MD US","38.14167","-76.42917","6.4","2018-03-23","8.28","0.00","50","33"
"USW00003757","ST INIGOES WEBSTER NAVAL OUTLYING FIELD, MD US","38.14167","-76.42917","6.4","2018-03-24","4.92","0.00","47","31"
"USW00003757","ST INIGOES WEBSTER NAVAL OUTLYING FIELD, MD US","38.14167","-76.42917","6.4","2018-03-25","8.28","0.02","49","28"
"USW00003757","ST INIGOES WEBSTER NAVAL OUTLYING FIELD, MD US","38.14167","-76.42917","6.4","2018-03-26","7.38","0.00","44","32"
"USW00003757","ST INIGOES WEBSTER NAVAL OUTLYING FIELD, MD US","38.14167","-76.42917","6.4","2018-03-27","4.03","0.00","46","28"
"USW00003757","ST INIGOES WEBSTER NAVAL OUTLYING FIELD, MD US","38.14167","-76.42917","6.4","2018-03-28","4.03","0.00","59","42"
"USW00003757","ST INIGOES WEBSTER NAVAL OUTLYING FIELD, MD US","38.14167","-76.42917","6.4","2018-03-29","6.71","0.00","78","46"
"USW00003757","ST INIGOES WEBSTER NAVAL OUTLYING FIELD, MD US","38.14167","-76.42917","6.4","2018-03-30","11.18","0.00","72","47"
"USW00003757","ST INIGOES WEBSTER NAVAL OUTLYING FIELD, MD US","38.14167","-76.42917","6.4","2018-03-31","8.05","0.00","56","37"
"USW00003757","ST INIGOES WEBSTER NAVAL OUTLYING FIELD, MD US","38.14167","-76.42917","6.4","2018-04-01","5.59","0.00","67","46"
"USW00003757","ST INIGOES WEBSTER NAVAL OUTLYING FIELD, MD US","38.14167","-76.42917","6.4","2018-04-02","6.93","0.01","53","43"
"USW00003757","ST INIGOES WEBSTER NAVAL OUTLYING FIELD, MD US","38.14167","-76.42917","6.4","2018-04-03","4.92","0.01","57","43"
"USW00003757","ST INIGOES WEBSTER NAVAL OUTLYING FIELD, MD US","38.14167","-76.42917","6.4","2018-04-04","15.21","0.00","73","44"
"USW00003757","ST INIGOES WEBSTER NAVAL OUTLYING FIELD, MD US","38.14167","-76.42917","6.4","2018-04-05","8.95","0.00","54","37"
"USW00003757","ST INIGOES WEBSTER NAVAL OUTLYING FIELD, MD US","38.14167","-76.42917","6.4","2018-04-06","10.51","0.00","69","34"
"USW00003757","ST INIGOES WEBSTER NAVAL OUTLYING FIELD, MD US","38.14167","-76.42917","6.4","2018-04-07","6.26","0.20","63","34"
"USW00003757","ST INIGOES WEBSTER NAVAL OUTLYING FIELD, MD US","38.14167","-76.42917","6.4","2018-04-08","7.16","0.00","50","34"
"USW00003757","ST INIGOES WEBSTER NAVAL OUTLYING FIELD, MD US","38.14167","-76.42917","6.4","2018-04-09","4.92","0.00","47","35"
"USW00003757","ST INIGOES WEBSTER NAVAL OUTLYING FIELD, MD US","38.14167","-76.42917","6.4","2018-04-10","4.70","0.00","54","34"
"USW00003757","ST INIGOES WEBSTER NAVAL OUTLYING FIELD, MD US","38.14167","-76.42917","6.4","2018-04-11","5.14","0.00","54","31"
"USW00003757","ST INIGOES WEBSTER NAVAL OUTLYING FIELD, MD US","38.14167","-76.42917","6.4","2018-04-12","12.08","0.00","73","44"
"USW00003757","ST INIGOES WEBSTER NAVAL OUTLYING FIELD, MD US","38.14167","-76.42917","6.4","2018-04-13","12.30","0.00","82","57"
"USW00003757","ST INIGOES WEBSTER NAVAL OUTLYING FIELD, MD US","38.14167","-76.42917","6.4","2018-04-14","12.30","0.00","81","61"
"USW00003757","ST INIGOES WEBSTER NAVAL OUTLYING FIELD, MD US","38.14167","-76.42917","6.4","2018-04-15","10.51","0.01","76","52"
"USW00003757","ST INIGOES WEBSTER NAVAL OUTLYING FIELD, MD US","38.14167","-76.42917","6.4","2018-04-16","11.18","1.06","66","44"
"USW00003757","ST INIGOES WEBSTER NAVAL OUTLYING FIELD, MD US","38.14167","-76.42917","6.4","2018-04-17","10.29","0.01","51","41"
"USW00003757","ST INIGOES WEBSTER NAVAL OUTLYING FIELD, MD US","38.14167","-76.42917","6.4","2018-04-18","5.59","0.00","56","31"
"USW00003757","ST INIGOES WEBSTER NAVAL OUTLYING FIELD, MD US","38.14167","-76.42917","6.4","2018-04-19","8.28","0.05","60","42"
"USW00003757","ST INIGOES WEBSTER NAVAL OUTLYING FIELD, MD US","38.14167","-76.42917","6.4","2018-04-20","6.71","0.00","61","37"
"USW00003757","ST INIGOES WEBSTER NAVAL OUTLYING FIELD, MD US","38.14167","-76.42917","6.4","2018-04-21","5.82","0.00","58","38"
"USW00003757","ST INIGOES WEBSTER NAVAL OUTLYING FIELD, MD US","38.14167","-76.42917","6.4","2018-04-22","5.59","0.00","63","41"
"USW00003757","ST INIGOES WEBSTER NAVAL OUTLYING FIELD, MD US","38.14167","-76.42917","6.4","2018-04-23","7.38","0.00","66","46"
"USW00003757","ST INIGOES WEBSTER NAVAL OUTLYING FIELD, MD US","38.14167","-76.42917","6.4","2018-04-24","11.41","0.68","61","54"
"USW00003757","ST INIGOES WEBSTER NAVAL OUTLYING FIELD, MD US","38.14167","-76.42917","6.4","2018-04-25","6.49","0.18","66","55"
"USW00003757","ST INIGOES WEBSTER NAVAL OUTLYING FIELD, MD US","38.14167","-76.42917","6.4","2018-04-26","7.83","0.00","71","51"
"USW00003757","ST INIGOES WEBSTER NAVAL OUTLYING FIELD, MD US","38.14167","-76.42917","6.4","2018-04-27","5.59","0.15","70","52"
"USW00003757","ST INIGOES WEBSTER NAVAL OUTLYING FIELD, MD US","38.14167","-76.42917","6.4","2018-04-28","5.82","0.00","75","48"
"USW00003757","ST INIGOES WEBSTER NAVAL OUTLYING FIELD, MD US","38.14167","-76.42917","6.4","2018-04-29","10.07","0.01","59","46"
"USW00003757","ST INIGOES WEBSTER NAVAL OUTLYING FIELD, MD US","38.14167","-76.42917","6.4","2018-04-30","7.38","0.00","70","38"
"USW00003757","ST INIGOES WEBSTER NAVAL OUTLYING FIELD, MD US","38.14167","-76.42917","6.4","2018-05-01","4.47","0.00","81","42"
"USW00003757","ST INIGOES WEBSTER NAVAL OUTLYING FIELD, MD US","38.14167","-76.42917","6.4","2018-05-02","5.59","0.00","88","52"
"USW00003757","ST INIGOES WEBSTER NAVAL OUTLYING FIELD, MD US","38.14167","-76.42917","6.4","2018-05-03","9.17","0.00","89","64"
"USW00003757","ST INIGOES WEBSTER NAVAL OUTLYING FIELD, MD US","38.14167","-76.42917","6.4","2018-05-04","8.95","0.00","89","67"
"USW00003757","ST INIGOES WEBSTER NAVAL OUTLYING FIELD, MD US","38.14167","-76.42917","6.4","2018-05-05","5.14","0.01","74","60"
"USW00003757","ST INIGOES WEBSTER NAVAL OUTLYING FIELD, MD US","38.14167","-76.42917","6.4","2018-05-06","4.03","0.00","69","60"
"USW00003757","ST INIGOES WEBSTER NAVAL OUTLYING FIELD, MD US","38.14167","-76.42917","6.4","2018-05-07","4.92","0.00","72","54"
"USW00003757","ST INIGOES WEBSTER NAVAL OUTLYING FIELD, MD US","38.14167","-76.42917","6.4","2018-05-08","6.04","0.00","74","51"
"USW00003757","ST INIGOES WEBSTER NAVAL OUTLYING FIELD, MD US","38.14167","-76.42917","6.4","2018-05-09","5.14","0.00","75","52"
"USW00003757","ST INIGOES WEBSTER NAVAL OUTLYING FIELD, MD US","38.14167","-76.42917","6.4","2018-05-10","8.72","0.02","85","58"
"USW00003757","ST INIGOES WEBSTER NAVAL OUTLYING FIELD, MD US","38.14167","-76.42917","6.4","2018-05-11","4.92","0.00","86","61"
"USW00003757","ST INIGOES WEBSTER NAVAL OUTLYING FIELD, MD US","38.14167","-76.42917","6.4","2018-05-12","6.71","0.01","90","68"
"USW00003757","ST INIGOES WEBSTER NAVAL OUTLYING FIELD, MD US","38.14167","-76.42917","6.4","2018-05-13","5.82","0.00","71","63"
"USW00003757","ST INIGOES WEBSTER NAVAL OUTLYING FIELD, MD US","38.14167","-76.42917","6.4","2018-05-14","4.47","0.83","77","62"
"USW00003757","ST INIGOES WEBSTER NAVAL OUTLYING FIELD, MD US","38.14167","-76.42917","6.4","2018-05-15","8.95","0.00","88","65"
"USW00003757","ST INIGOES WEBSTER NAVAL OUTLYING FIELD, MD US","38.14167","-76.42917","6.4","2018-05-16","6.26","0.16","77","68"
"USW00003757","ST INIGOES WEBSTER NAVAL OUTLYING FIELD, MD US","38.14167","-76.42917","6.4","2018-05-17","4.70","0.40","76","66"
"USW00003757","ST INIGOES WEBSTER NAVAL OUTLYING FIELD, MD US","38.14167","-76.42917","6.4","2018-05-18","12.08","2.82","68","59"
"USW00003757","ST INIGOES WEBSTER NAVAL OUTLYING FIELD, MD US","38.14167","-76.42917","6.4","2018-05-19","7.16","0.67","75","60"
"USW00003757","ST INIGOES WEBSTER NAVAL OUTLYING FIELD, MD US","38.14167","-76.42917","6.4","2018-05-20","8.72","0.00","85","72"
"USW00003757","ST INIGOES WEBSTER NAVAL OUTLYING FIELD, MD US","38.14167","-76.42917","6.4","2018-05-21","6.49","0.00","78","64"
"USW00003757","ST INIGOES WEBSTER NAVAL OUTLYING FIELD, MD US","38.14167","-76.42917","6.4","2018-05-22","5.59","0.62","81","66"
"USW00003757","ST INIGOES WEBSTER NAVAL OUTLYING FIELD, MD US","38.14167","-76.42917","6.4","2018-05-23","5.37","0.00","83","63"
"USW00003757","ST INIGOES WEBSTER NAVAL OUTLYING FIELD, MD US","38.14167","-76.42917","6.4","2018-05-24","4.47","0.00","82","61"
"USW00003757","ST INIGOES WEBSTER NAVAL OUTLYING FIELD, MD US","38.14167","-76.42917","6.4","2018-05-25","7.61","0.00","84","63"
"USW00003757","ST INIGOES WEBSTER NAVAL OUTLYING FIELD, MD US","38.14167","-76.42917","6.4","2018-05-26","9.17","0.00","89","73"
"USW00003757","ST INIGOES WEBSTER NAVAL OUTLYING FIELD, MD US","38.14167","-76.42917","6.4","2018-05-27","6.71","0.36","86","72"
"USW00003757","ST INIGOES WEBSTER NAVAL OUTLYING FIELD, MD US","38.14167","-76.42917","6.4","2018-05-28","6.49","0.27","72","65"
"USW00003757","ST INIGOES WEBSTER NAVAL OUTLYING FIELD, MD US","38.14167","-76.42917","6.4","2018-05-29","2.01","0.00","80","67"
"USW00003757","ST INIGOES WEBSTER NAVAL OUTLYING FIELD, MD US","38.14167","-76.42917","6.4","2018-05-30","7.16","0.00","79","71"
"USW00003757","ST INIGOES WEBSTER NAVAL OUTLYING FIELD, MD US","38.14167","-76.42917","6.4","2018-05-31","5.59","0.42","84","71"
"USW00003757","ST INIGOES WEBSTER NAVAL OUTLYING FIELD, MD US","38.14167","-76.42917","6.4","2018-06-01","3.58","0.00","86","70"
"USW00003757","ST INIGOES WEBSTER NAVAL OUTLYING FIELD, MD US","38.14167","-76.42917","6.4","2018-06-02","4.70","0.02","86","72"
"USW00003757","ST INIGOES WEBSTER NAVAL OUTLYING FIELD, MD US","38.14167","-76.42917","6.4","2018-06-03","10.51","0.98","76","59"
"USW00003757","ST INIGOES WEBSTER NAVAL OUTLYING FIELD, MD US","38.14167","-76.42917","6.4","2018-06-04","5.14","0.00","77","57"
"USW00003757","ST INIGOES WEBSTER NAVAL OUTLYING FIELD, MD US","38.14167","-76.42917","6.4","2018-06-05","5.59","0.04","82","57"
"USW00003757","ST INIGOES WEBSTER NAVAL OUTLYING FIELD, MD US","38.14167","-76.42917","6.4","2018-06-06","4.92","0.00","75","63"
"USW00003757","ST INIGOES WEBSTER NAVAL OUTLYING FIELD, MD US","38.14167","-76.42917","6.4","2018-06-07","5.14","0.00","76","60"
"USW00003757","ST INIGOES WEBSTER NAVAL OUTLYING FIELD, MD US","38.14167","-76.42917","6.4","2018-06-08","5.59","0.00","84","62"
"USW00003757","ST INIGOES WEBSTER NAVAL OUTLYING FIELD, MD US","38.14167","-76.42917","6.4","2018-06-09","6.26","0.00","87","71"
"USW00003757","ST INIGOES WEBSTER NAVAL OUTLYING FIELD, MD US","38.14167","-76.42917","6.4","2018-06-10","6.26",,"82","69"
"USW00003757","ST INIGOES WEBSTER NAVAL OUTLYING FIELD, MD US","38.14167","-76.42917","6.4","2018-06-11","7.61","0.00","72","60"
"USW00003757","ST INIGOES WEBSTER NAVAL OUTLYING FIELD, MD US","38.14167","-76.42917","6.4","2018-06-12","6.26","0.00","74","60"
"USW00003757","ST INIGOES WEBSTER NAVAL OUTLYING FIELD, MD US","38.14167","-76.42917","6.4","2018-06-13","9.62","0.00","84","69"
"USW00003757","ST INIGOES WEBSTER NAVAL OUTLYING FIELD, MD US","38.14167","-76.42917","6.4","2018-06-14","7.16","0.00","84","66"
"USW00003757","ST INIGOES WEBSTER NAVAL OUTLYING FIELD, MD US","38.14167","-76.42917","6.4","2018-06-15","3.36","0.00","82","62"
"USW00003757","ST INIGOES WEBSTER NAVAL OUTLYING FIELD, MD US","38.14167","-76.42917","6.4","2018-06-16","3.80","0.00","85","60"
"USW00003757","ST INIGOES WEBSTER NAVAL OUTLYING FIELD, MD US","38.14167","-76.42917","6.4","2018-06-17","4.25","0.00","88","68"
"USW00003757","ST INIGOES WEBSTER NAVAL OUTLYING FIELD, MD US","38.14167","-76.42917","6.4","2018-06-18","4.92","0.00","89","71"
"USW00003757","ST INIGOES WEBSTER NAVAL OUTLYING FIELD, MD US","38.14167","-76.42917","6.4","2018-06-19","5.82","0.00","96","75"
"USW00003757","ST INIGOES WEBSTER NAVAL OUTLYING FIELD, MD US","38.14167","-76.42917","6.4","2018-06-20","4.47","0.00","89","72"
"USW00003757","ST INIGOES WEBSTER NAVAL OUTLYING FIELD, MD US","38.14167","-76.42917","6.4","2018-06-21","5.59","0.00","86","73"
"USW00003757","ST INIGOES WEBSTER NAVAL OUTLYING FIELD, MD US","38.14167","-76.42917","6.4","2018-06-22","10.29",,"75","68"
"USW00003757","ST INIGOES WEBSTER NAVAL OUTLYING FIELD, MD US","38.14167","-76.42917","6.4","2018-06-23","2.46",,"85","71"
"USW00003757","ST INIGOES WEBSTER NAVAL OUTLYING FIELD, MD US","38.14167","-76.42917","6.4","2018-06-24","3.80",,"89","72"
"USW00003757","ST INIGOES WEBSTER NAVAL OUTLYING FIELD, MD US","38.14167","-76.42917","6.4","2018-06-25","3.13",,"82","67"
"USW00003757","ST INIGOES WEBSTER NAVAL OUTLYING FIELD, MD US","38.14167","-76.42917","6.4","2018-06-26","6.71","0.00","80","65"
"USW00003757","ST INIGOES WEBSTER NAVAL OUTLYING FIELD, MD US","38.14167","-76.42917","6.4","2018-06-27","10.29","0.00","82","72"
"USW00003757","ST INIGOES WEBSTER NAVAL OUTLYING FIELD, MD US","38.14167","-76.42917","6.4","2018-06-28","6.71","0.00","89","73"
"USW00003757","ST INIGOES WEBSTER NAVAL OUTLYING FIELD, MD US","38.14167","-76.42917","6.4","2018-06-29","2.91","0.00","89","72"
"USW00003757","ST INIGOES WEBSTER NAVAL OUTLYING FIELD, MD US","38.14167","-76.42917","6.4","2018-06-30","3.36","0.00","93","70"
"USW00003757","ST INIGOES WEBSTER NAVAL OUTLYING FIELD, MD US","38.14167","-76.42917","6.4","2018-07-01","5.37","0.00","92","73"
"USW00003757","ST INIGOES WEBSTER NAVAL OUTLYING FIELD, MD US","38.14167","-76.42917","6.4","2018-07-02","4.25","0.00","95","75"
"USW00003757","ST INIGOES WEBSTER NAVAL OUTLYING FIELD, MD US","38.14167","-76.42917","6.4","2018-07-03","3.80","0.00","93","76"
"USW00003757","ST INIGOES WEBSTER NAVAL OUTLYING FIELD, MD US","38.14167","-76.42917","6.4","2018-07-04","4.92","0.00","89","73"
"USW00003757","ST INIGOES WEBSTER NAVAL OUTLYING FIELD, MD US","38.14167","-76.42917","6.4","2018-07-05","6.04","0.00","89","77"
"USW00003757","ST INIGOES WEBSTER NAVAL OUTLYING FIELD, MD US","38.14167","-76.42917","6.4","2018-07-06","5.82","0.00","88","74"
"USW00003757","ST INIGOES WEBSTER NAVAL OUTLYING FIELD, MD US","38.14167","-76.42917","6.4","2018-07-07","9.84","0.00","77","66"
"USW00003757","ST INIGOES WEBSTER NAVAL OUTLYING FIELD, MD US","38.14167","-76.42917","6.4","2018-07-08","7.38","0.00","81","58"
"USW00003757","ST INIGOES WEBSTER NAVAL OUTLYING FIELD, MD US","38.14167","-76.42917","6.4","2018-07-09","2.68","0.00","84","54"
"USW00003757","ST INIGOES WEBSTER NAVAL OUTLYING FIELD, MD US","38.14167","-76.42917","6.4","2018-07-10","4.92","0.00","91","61"
"USW00003757","ST INIGOES WEBSTER NAVAL OUTLYING FIELD, MD US","38.14167","-76.42917","6.4","2018-07-11","2.91","0.00","91","71"
"USW00003757","ST INIGOES WEBSTER NAVAL OUTLYING FIELD, MD US","38.14167","-76.42917","6.4","2018-07-12","5.82","0.00","86","71"
"USW00003757","ST INIGOES WEBSTER NAVAL OUTLYING FIELD, MD US","38.14167","-76.42917","6.4","2018-07-13","4.92","0.00","84","64"
"USW00003757","ST INIGOES WEBSTER NAVAL OUTLYING FIELD, MD US","38.14167","-76.42917","6.4","2018-07-14","5.59","0.00","86","61"
"USW00003757","ST INIGOES WEBSTER NAVAL OUTLYING FIELD, MD US","38.14167","-76.42917","6.4","2018-07-15","6.71","0.00","88","73"
"USW00003757","ST INIGOES WEBSTER NAVAL OUTLYING FIELD, MD US","38.14167","-76.42917","6.4","2018-07-16","6.71","0.00","88","75"
"USW00003757","ST INIGOES WEBSTER NAVAL OUTLYING FIELD, MD US","38.14167","-76.42917","6.4","2018-07-17","7.61","0.00","93","75"
"USW00003757","ST INIGOES WEBSTER NAVAL OUTLYING FIELD, MD US","38.14167","-76.42917","6.4","2018-07-18","3.80",,"86","66"
"USW00003757","ST INIGOES WEBSTER NAVAL OUTLYING FIELD, MD US","38.14167","-76.42917","6.4","2018-07-19","4.70","0.00","86","66"
"USW00003757","ST INIGOES WEBSTER NAVAL OUTLYING FIELD, MD US","38.14167","-76.42917","6.4","2018-07-20","6.26","0.00","85","64"
"USW00003757","ST INIGOES WEBSTER NAVAL OUTLYING FIELD, MD US","38.14167","-76.42917","6.4","2018-07-21","9.17","0.00","77","71"
"USW00003757","ST INIGOES WEBSTER NAVAL OUTLYING FIELD, MD US","38.14167","-76.42917","6.4","2018-07-22","8.50",,"85","66"
"USW00003757","ST INIGOES WEBSTER NAVAL OUTLYING FIELD, MD US","38.14167","-76.42917","6.4","2018-07-23","9.84","0.00","83","74"
"USW00003757","ST INIGOES WEBSTER NAVAL OUTLYING FIELD, MD US","38.14167","-76.42917","6.4","2018-07-24","9.17","0.00","79","73"
"USW00003757","ST INIGOES WEBSTER NAVAL OUTLYING FIELD, MD US","38.14167","-76.42917","6.4","2018-07-25","6.04","0.00","80","73"
"USW00003757","ST INIGOES WEBSTER NAVAL OUTLYING FIELD, MD US","38.14167","-76.42917","6.4","2018-07-26","5.82",,"86","73"
"USW00003757","ST INIGOES WEBSTER NAVAL OUTLYING FIELD, MD US","38.14167","-76.42917","6.4","2018-07-27","3.80","0.00","89","73"
"USW00003757","ST INIGOES WEBSTER NAVAL OUTLYING FIELD, MD US","38.14167","-76.42917","6.4","2018-07-28","1.79",,"86","71"
"USW00003757","ST INIGOES WEBSTER NAVAL OUTLYING FIELD, MD US","38.14167","-76.42917","6.4","2018-07-29","2.91",,"85","69"
"USW00003757","ST INIGOES WEBSTER NAVAL OUTLYING FIELD, MD US","38.14167","-76.42917","6.4","2018-07-30","6.71",,"76","71"
"USW00003757","ST INIGOES WEBSTER NAVAL OUTLYING FIELD, MD US","38.14167","-76.42917","6.4","2018-07-31","4.03","0.09","85","72"
"USW00003757","ST INIGOES WEBSTER NAVAL OUTLYING FIELD, MD US","38.14167","-76.42917","6.4","2018-08-01","10.51","0.00","88","77"
"USW00003757","ST INIGOES WEBSTER NAVAL OUTLYING FIELD, MD US","38.14167","-76.42917","6.4","2018-08-02","9.17","0.00","87","75"
"USW00003757","ST INIGOES WEBSTER NAVAL OUTLYING FIELD, MD US","38.14167","-76.42917","6.4","2018-08-03","9.62","0.00","85","76"
"USW00003757","ST INIGOES WEBSTER NAVAL OUTLYING FIELD, MD US","38.14167","-76.42917","6.4","2018-08-04","7.61","0.00","87","74"
"USW00003757","ST INIGOES WEBSTER NAVAL OUTLYING FIELD, MD US","38.14167","-76.42917","6.4","2018-08-05","2.46","0.00","89","72"
"USW00003757","ST INIGOES WEBSTER NAVAL OUTLYING FIELD, MD US","38.14167","-76.42917","6.4","2018-08-06","4.25","0.00","88","71"
"USW00003757","ST INIGOES WEBSTER NAVAL OUTLYING FIELD, MD US","38.14167","-76.42917","6.4","2018-08-07","4.25","0.01","91","75"
"USW00003757","ST INIGOES WEBSTER NAVAL OUTLYING FIELD, MD US","38.14167","-76.42917","6.4","2018-08-08",,"0.00",,
"USW00003757","ST INIGOES WEBSTER NAVAL OUTLYING FIELD, MD US","38.14167","-76.42917","6.4","2018-08-09","5.59","0.00","89","76"
"USW00003757","ST INIGOES WEBSTER NAVAL OUTLYING FIELD, MD US","38.14167","-76.42917","6.4","2018-08-10","1.79","0.00","90","74"
"USW00003757","ST INIGOES WEBSTER NAVAL OUTLYING FIELD, MD US","38.14167","-76.42917","6.4","2018-08-11","3.58","0.00","88","73"
"USW00003757","ST INIGOES WEBSTER NAVAL OUTLYING FIELD, MD US","38.14167","-76.42917","6.4","2018-08-12","4.47","0.03","86","71"
"USW00003757","ST INIGOES WEBSTER NAVAL OUTLYING FIELD, MD US","38.14167","-76.42917","6.4","2018-08-13","5.37","0.06","85","72"
"USW00003757","ST INIGOES WEBSTER NAVAL OUTLYING FIELD, MD US","38.14167","-76.42917","6.4","2018-08-14",,"0.00",,
"USW00003757","ST INIGOES WEBSTER NAVAL OUTLYING FIELD, MD US","38.14167","-76.42917","6.4","2018-08-15","3.80","0.00","88","70"
"USW00003757","ST INIGOES WEBSTER NAVAL OUTLYING FIELD, MD US","38.14167","-76.42917","6.4","2018-08-16","4.03","0.00","88","70"
"USW00003757","ST INIGOES WEBSTER NAVAL OUTLYING FIELD, MD US","38.14167","-76.42917","6.4","2018-08-17","6.26","0.00","92","76"
"USW00003757","ST INIGOES WEBSTER NAVAL OUTLYING FIELD, MD US","38.14167","-76.42917","6.4","2018-08-18","8.05","0.00","88","76"
"USW00003757","ST INIGOES WEBSTER NAVAL OUTLYING FIELD, MD US","38.14167","-76.42917","6.4","2018-08-19","5.59","0.00","85","73"
"USW00003757","ST INIGOES WEBSTER NAVAL OUTLYING FIELD, MD US","38.14167","-76.42917","6.4","2018-08-20","7.38","1.22","81","73"
"USW00003757","ST INIGOES WEBSTER NAVAL OUTLYING FIELD, MD US","38.14167","-76.42917","6.4","2018-08-21","9.17","0.95","83","74"
"USW00003757","ST INIGOES WEBSTER NAVAL OUTLYING FIELD, MD US","38.14167","-76.42917","6.4","2018-08-22","7.83","0.00","84","74"
"USW00003757","ST INIGOES WEBSTER NAVAL OUTLYING FIELD, MD US","38.14167","-76.42917","6.4","2018-08-23","4.92","0.00","79","61"
"USW00003757","ST INIGOES WEBSTER NAVAL OUTLYING FIELD, MD US","38.14167","-76.42917","6.4","2018-08-24","2.24","0.00","83","59"
"USW00003757","ST INIGOES WEBSTER NAVAL OUTLYING FIELD, MD US","38.14167","-76.42917","6.4","2018-08-25","1.34","0.00","81","61"
"USW00003757","ST INIGOES WEBSTER NAVAL OUTLYING FIELD, MD US","38.14167","-76.42917","6.4","2018-08-26","6.04","0.00","85","65"
"USW00003757","ST INIGOES WEBSTER NAVAL OUTLYING FIELD, MD US","38.14167","-76.42917","6.4","2018-08-27","3.13","0.00","90","72"
"USW00003757","ST INIGOES WEBSTER NAVAL OUTLYING FIELD, MD US","38.14167","-76.42917","6.4","2018-08-28","4.70","0.00","92","74"
"USW00003757","ST INIGOES WEBSTER NAVAL OUTLYING FIELD, MD US","38.14167","-76.42917","6.4","2018-08-29","7.16","0.00","93","78"
"USW00003757","ST INIGOES WEBSTER NAVAL OUTLYING FIELD, MD US","38.14167","-76.42917","6.4","2018-08-30","5.59","0.02","90","76"
"USW00003757","ST INIGOES WEBSTER NAVAL OUTLYING FIELD, MD US","38.14167","-76.42917","6.4","2018-08-31","4.70","0.99","86","71"
"USW00003757","ST INIGOES WEBSTER NAVAL OUTLYING FIELD, MD US","38.14167","-76.42917","6.4","2018-09-01","3.80","0.04","87","72"
"USW00003757","ST INIGOES WEBSTER NAVAL OUTLYING FIELD, MD US","38.14167","-76.42917","6.4","2018-09-02","3.80","0.00","87","75"
"USW00003757","ST INIGOES WEBSTER NAVAL OUTLYING FIELD, MD US","38.14167","-76.42917","6.4","2018-09-03","4.03","0.00","91","75"
"USW00003757","ST INIGOES WEBSTER NAVAL OUTLYING FIELD, MD US","38.14167","-76.42917","6.4","2018-09-04","2.91","0.00","92","77"
"USW00003757","ST INIGOES WEBSTER NAVAL OUTLYING FIELD, MD US","38.14167","-76.42917","6.4","2018-09-05","3.36","0.00","90","75"
"USW00003757","ST INIGOES WEBSTER NAVAL OUTLYING FIELD, MD US","38.14167","-76.42917","6.4","2018-09-06","4.25","0.00","90","77"
"USW00003757","ST INIGOES WEBSTER NAVAL OUTLYING FIELD, MD US","38.14167","-76.42917","6.4","2018-09-07","4.70","0.00","89","76"
"USW00003757","ST INIGOES WEBSTER NAVAL OUTLYING FIELD, MD US","38.14167","-76.42917","6.4","2018-09-08","7.83","0.02","82","69"
"USW00003757","ST INIGOES WEBSTER NAVAL OUTLYING FIELD, MD US","38.14167","-76.42917","6.4","2018-09-09","13.42","2.05","71","66"
"USW00003757","ST INIGOES WEBSTER NAVAL OUTLYING FIELD, MD US","38.14167","-76.42917","6.4","2018-09-10","8.50","0.00","81","67"
"USW00003757","ST INIGOES WEBSTER NAVAL OUTLYING FIELD, MD US","38.14167","-76.42917","6.4","2018-09-11","2.91","0.00","88","72"
"USW00003757","ST INIGOES WEBSTER NAVAL OUTLYING FIELD, MD US","38.14167","-76.42917","6.4","2018-09-12","4.92","0.03","86","74"
"USW00003757","ST INIGOES WEBSTER NAVAL OUTLYING FIELD, MD US","38.14167","-76.42917","6.4","2018-09-13","12.08","0.01","83","74"
"USW00003757","ST INIGOES WEBSTER NAVAL OUTLYING FIELD, MD US","38.14167","-76.42917","6.4","2018-09-14","11.18","0.14","81","74"
"USW00003757","ST INIGOES WEBSTER NAVAL OUTLYING FIELD, MD US","38.14167","-76.42917","6.4","2018-09-15","9.62","0.01","79","71"
"USW00003757","ST INIGOES WEBSTER NAVAL OUTLYING FIELD, MD US","38.14167","-76.42917","6.4","2018-09-16","9.17","0.00","83","72"
"USW00003757","ST INIGOES WEBSTER NAVAL OUTLYING FIELD, MD US","38.14167","-76.42917","6.4","2018-09-17","8.72","0.03","80","76"
"USW00003757","ST INIGOES WEBSTER NAVAL OUTLYING FIELD, MD US","38.14167","-76.42917","6.4","2018-09-18","6.71","0.15","84","72"
"USW00003757","ST INIGOES WEBSTER NAVAL OUTLYING FIELD, MD US","38.14167","-76.42917","6.4","2018-09-19","3.36","0.00","84","68"
"USW00003757","ST INIGOES WEBSTER NAVAL OUTLYING FIELD, MD US","38.14167","-76.42917","6.4","2018-09-20","5.59","0.00","79","67"
"USW00003757","ST INIGOES WEBSTER NAVAL OUTLYING FIELD, MD US","38.14167","-76.42917","6.4","2018-09-21","5.59","0.00","79","65"
"USW00003757","ST INIGOES WEBSTER NAVAL OUTLYING FIELD, MD US","38.14167","-76.42917","6.4","2018-09-22","7.61","0.00","83","68"
"USW00003757","ST INIGOES WEBSTER NAVAL OUTLYING FIELD, MD US","38.14167","-76.42917","6.4","2018-09-23",,"0.69",,
"USW00003757","ST INIGOES WEBSTER NAVAL OUTLYING FIELD, MD US","38.14167","-76.42917","6.4","2018-09-24",,"0.02",,
"USW00003757","ST INIGOES WEBSTER NAVAL OUTLYING FIELD, MD US","38.14167","-76.42917","6.4","2018-09-25",,"0.00",,
"USW00003757","ST INIGOES WEBSTER NAVAL OUTLYING FIELD, MD US","38.14167","-76.42917","6.4","2018-09-26","5.14","0.01","85","72"
"USW00003757","ST INIGOES WEBSTER NAVAL OUTLYING FIELD, MD US","38.14167","-76.42917","6.4","2018-09-27","5.82","0.02","73","65"
"USW00003757","ST INIGOES WEBSTER NAVAL OUTLYING FIELD, MD US","38.14167","-76.42917","6.4","2018-09-28","4.47",,"75","59"
"USW00003757","ST INIGOES WEBSTER NAVAL OUTLYING FIELD, MD US","38.14167","-76.42917","6.4","2018-09-29","2.01","0.00","78","59"
"USW00003757","ST INIGOES WEBSTER NAVAL OUTLYING FIELD, MD US","38.14167","-76.42917","6.4","2018-09-30","3.36","0.00","76","58"
"USW00003757","ST INIGOES WEBSTER NAVAL OUTLYING FIELD, MD US","38.14167","-76.42917","6.4","2018-10-01","6.04","0.00","80","61"
"USW00003757","ST INIGOES WEBSTER NAVAL OUTLYING FIELD, MD US","38.14167","-76.42917","6.4","2018-10-02","6.04",,"83","68"
"USW00003757","ST INIGOES WEBSTER NAVAL OUTLYING FIELD, MD US","38.14167","-76.42917","6.4","2018-10-03","3.80","0.00","86","68"
"USW00003757","ST INIGOES WEBSTER NAVAL OUTLYING FIELD, MD US","38.14167","-76.42917","6.4","2018-10-04","2.24","0.00","88","67"
"USW00003757","ST INIGOES WEBSTER NAVAL OUTLYING FIELD, MD US","38.14167","-76.42917","6.4","2018-10-05","5.14","0.00","75","67"
"USW00003757","ST INIGOES WEBSTER NAVAL OUTLYING FIELD, MD US","38.14167","-76.42917","6.4","2018-10-06","2.68","0.00","79","66"
"USW00003757","ST INIGOES WEBSTER NAVAL OUTLYING FIELD, MD US","38.14167","-76.42917","6.4","2018-10-07","3.36","0.00","86","67"
"USW00003757","ST INIGOES WEBSTER NAVAL OUTLYING FIELD, MD US","38.14167","-76.42917","6.4","2018-10-08",,"0.00",,
"USW00003757","ST INIGOES WEBSTER NAVAL OUTLYING FIELD, MD US","38.14167","-76.42917","6.4","2018-10-09","4.92","0.00","83","71"
"USW00003757","ST INIGOES WEBSTER NAVAL OUTLYING FIELD, MD US","38.14167","-76.42917","6.4","2018-10-10","5.59","0.00","83","70"
"USW00003757","ST INIGOES WEBSTER NAVAL OUTLYING FIELD, MD US","38.14167","-76.42917","6.4","2018-10-11","8.95","4.37","83","69"
"USW00003757","ST INIGOES WEBSTER NAVAL OUTLYING FIELD, MD US","38.14167","-76.42917","6.4","2018-10-12","8.50","0.14","72","52"
"USW00003757","ST INIGOES WEBSTER NAVAL OUTLYING FIELD, MD US","38.14167","-76.42917","6.4","2018-10-13","4.25","0.00","62","48"
"USW00003757","ST INIGOES WEBSTER NAVAL OUTLYING FIELD, MD US","38.14167","-76.42917","6.4","2018-10-14","3.36","0.00","65","47"
"USW00003757","ST INIGOES WEBSTER NAVAL OUTLYING FIELD, MD US","38.14167","-76.42917","6.4","2018-10-15","10.74","0.08","80","63"
"USW00003757","ST INIGOES WEBSTER NAVAL OUTLYING FIELD, MD US","38.14167","-76.42917","6.4","2018-10-16","4.25","0.02","73","55"
"USW00003757","ST INIGOES WEBSTER NAVAL OUTLYING FIELD, MD US","38.14167","-76.42917","6.4","2018-10-17","5.37","0.13","69","53"
"USW00003757","ST INIGOES WEBSTER NAVAL OUTLYING FIELD, MD US","38.14167","-76.42917","6.4","2018-10-18","4.70","0.00","58","41"
"USW00003757","ST INIGOES WEBSTER NAVAL OUTLYING FIELD, MD US","38.14167","-76.42917","6.4","2018-10-19","6.93","0.00","65","40"
"USW00003757","ST INIGOES WEBSTER NAVAL OUTLYING FIELD, MD US","38.14167","-76.42917","6.4","2018-10-20","9.62","0.15","65","55"
"USW00003757","ST INIGOES WEBSTER NAVAL OUTLYING FIELD, MD US","38.14167","-76.42917","6.4","2018-10-21","13.20","0.01","55","43"
"USW00003757","ST INIGOES WEBSTER NAVAL OUTLYING FIELD, MD US","38.14167","-76.42917","6.4","2018-10-22","7.38","0.00","57","37"
"USW00003757","ST INIGOES WEBSTER NAVAL OUTLYING FIELD, MD US","38.14167","-76.42917","6.4","2018-10-23","6.26","0.00","70","49"
"USW00003757","ST INIGOES WEBSTER NAVAL OUTLYING FIELD, MD US","38.14167","-76.42917","6.4","2018-10-24","6.71","0.00","58","43"
"USW00003757","ST INIGOES WEBSTER NAVAL OUTLYING FIELD, MD US","38.14167","-76.42917","6.4","2018-10-25","4.25","0.00","53","40"
"USW00003757","ST INIGOES WEBSTER NAVAL OUTLYING FIELD, MD US","38.14167","-76.42917","6.4","2018-10-26","6.71","1.38","56","39"
"USW00003757","ST INIGOES WEBSTER NAVAL OUTLYING FIELD, MD US","38.14167","-76.42917","6.4","2018-10-27","8.72","0.58","58","28"
"USW00003757","ST INIGOES WEBSTER NAVAL OUTLYING FIELD, MD US","38.14167","-76.42917","6.4","2018-10-28","7.38","0.05","52","-79"
"USW00003757","ST INIGOES WEBSTER NAVAL OUTLYING FIELD, MD US","38.14167","-76.42917","6.4","2018-10-29","9.17","0.00","64","-69"
"USW00003757","ST INIGOES WEBSTER NAVAL OUTLYING FIELD, MD US","38.14167","-76.42917","6.4","2018-10-30","3.13","0.00","62","40"
"USW00003757","ST INIGOES WEBSTER NAVAL OUTLYING FIELD, MD US","38.14167","-76.42917","6.4","2018-10-31","7.16","0.00","69","45"
"USW00003757","ST INIGOES WEBSTER NAVAL OUTLYING FIELD, MD US","38.14167","-76.42917","6.4","2018-11-01","10.96","0.00","74","60"
"USW00003757","ST INIGOES WEBSTER NAVAL OUTLYING FIELD, MD US","38.14167","-76.42917","6.4","2018-11-02","10.96","0.19","72","59"
"USW00003757","ST INIGOES WEBSTER NAVAL OUTLYING FIELD, MD US","38.14167","-76.42917","6.4","2018-11-03","7.16","0.12","62","42"
"USW00003757","ST INIGOES WEBSTER NAVAL OUTLYING FIELD, MD US","38.14167","-76.42917","6.4","2018-11-04","4.47","0.00","58","39"
"USW00003757","ST INIGOES WEBSTER NAVAL OUTLYING FIELD, MD US","38.14167","-76.42917","6.4","2018-11-05","8.50","1.88","63","54"
"USW00003757","ST INIGOES WEBSTER NAVAL OUTLYING FIELD, MD US","38.14167","-76.42917","6.4","2018-11-06","7.61","0.14","72","54"
"USW00003757","ST INIGOES WEBSTER NAVAL OUTLYING FIELD, MD US","38.14167","-76.42917","6.4","2018-11-07","1.34","0.00","69","48"
"USW00003757","ST INIGOES WEBSTER NAVAL OUTLYING FIELD, MD US","38.14167","-76.42917","6.4","2018-11-08","5.14","0.00","58","50"
"USW00003757","ST INIGOES WEBSTER NAVAL OUTLYING FIELD, MD US","38.14167","-76.42917","6.4","2018-11-09","8.05","0.91","57","48"
"USW00003757","ST INIGOES WEBSTER NAVAL OUTLYING FIELD, MD US","38.14167","-76.42917","6.4","2018-11-10","9.17","0.01","52","36"
"USW00003757","ST INIGOES WEBSTER NAVAL OUTLYING FIELD, MD US","38.14167","-76.42917","6.4","2018-11-11","3.58","0.00","46","32"
"USW00003757","ST INIGOES WEBSTER NAVAL OUTLYING FIELD, MD US","38.14167","-76.42917","6.4","2018-11-12","3.36","0.57","54","32"
"USW00003757","ST INIGOES WEBSTER NAVAL OUTLYING FIELD, MD US","38.14167","-76.42917","6.4","2018-11-13","8.95","0.16","61","46"
"USW00003757","ST INIGOES WEBSTER NAVAL OUTLYING FIELD, MD US","38.14167","-76.42917","6.4","2018-11-14","6.26","0.00","46","40"
"USW00003757","ST INIGOES WEBSTER NAVAL OUTLYING FIELD, MD US","38.14167","-76.42917","6.4","2018-11-15","13.42","1.07","52","37"
"USW00003757","ST INIGOES WEBSTER NAVAL OUTLYING FIELD, MD US","38.14167","-76.42917","6.4","2018-11-16","9.84","0.01","54","37"
"USW00003757","ST INIGOES WEBSTER NAVAL OUTLYING FIELD, MD US","38.14167","-76.42917","6.4","2018-11-17","1.57","0.00","51","33"
"USW00003757","ST INIGOES WEBSTER NAVAL OUTLYING FIELD, MD US","38.14167","-76.42917","6.4","2018-11-18","2.91","0.00","54","32"
"USW00003757","ST INIGOES WEBSTER NAVAL OUTLYING FIELD, MD US","38.14167","-76.42917","6.4","2018-11-19","4.92",,"56","39"
"USW00003757","ST INIGOES WEBSTER NAVAL OUTLYING FIELD, MD US","38.14167","-76.42917","6.4","2018-11-20","6.26","0.00","57","42"
"USW00003757","ST INIGOES WEBSTER NAVAL OUTLYING FIELD, MD US","38.14167","-76.42917","6.4","2018-11-21","5.59","0.00","53","30"
"USW00003757","ST INIGOES WEBSTER NAVAL OUTLYING FIELD, MD US","38.14167","-76.42917","6.4","2018-11-22","7.61","0.00","41","30"
"USW00003757","ST INIGOES WEBSTER NAVAL OUTLYING FIELD, MD US","38.14167","-76.42917","6.4","2018-11-23","3.80","0.00","38","27"
"USW00003757","ST INIGOES WEBSTER NAVAL OUTLYING FIELD, MD US","38.14167","-76.42917","6.4","2018-11-24","9.40","1.34","57","33"
"USW00003757","ST INIGOES WEBSTER NAVAL OUTLYING FIELD, MD US","38.14167","-76.42917","6.4","2018-11-25","4.70","0.00","61","38"
"USW00003757","ST INIGOES WEBSTER NAVAL OUTLYING FIELD, MD US","38.14167","-76.42917","6.4","2018-11-26","7.16","0.31","55","44"
"USW00003757","ST INIGOES WEBSTER NAVAL OUTLYING FIELD, MD US","38.14167","-76.42917","6.4","2018-11-27","10.96","0.00","46","37"
"USW00003757","ST INIGOES WEBSTER NAVAL OUTLYING FIELD, MD US","38.14167","-76.42917","6.4","2018-11-28","14.76","0.00","41","31"
"USW00003757","ST INIGOES WEBSTER NAVAL OUTLYING FIELD, MD US","38.14167","-76.42917","6.4","2018-11-29","7.38","0.00","43","31"
"USW00003757","ST INIGOES WEBSTER NAVAL OUTLYING FIELD, MD US","38.14167","-76.42917","6.4","2018-11-30","2.24","0.00","54","33"
"USW00003757","ST INIGOES WEBSTER NAVAL OUTLYING FIELD, MD US","38.14167","-76.42917","6.4","2019-01-01","10.07","0.00","66","47"
"USW00003757","ST INIGOES WEBSTER NAVAL OUTLYING FIELD, MD US","38.14167","-76.42917","6.4","2019-01-02","3.13","0.01","48","38"
"USW00003757","ST INIGOES WEBSTER NAVAL OUTLYING FIELD, MD US","38.14167","-76.42917","6.4","2019-01-03","3.80","0.18","52","34"
"USW00003757","ST INIGOES WEBSTER NAVAL OUTLYING FIELD, MD US","38.14167","-76.42917","6.4","2019-01-04","4.70","0.03","49","34"
"USW00003757","ST INIGOES WEBSTER NAVAL OUTLYING FIELD, MD US","38.14167","-76.42917","6.4","2019-01-05","8.05","0.02","54","46"
"USW00003757","ST INIGOES WEBSTER NAVAL OUTLYING FIELD, MD US","38.14167","-76.42917","6.4","2019-01-06","4.25","0.00","57","39"
"USW00003757","ST INIGOES WEBSTER NAVAL OUTLYING FIELD, MD US","38.14167","-76.42917","6.4","2019-01-07","5.82","0.00","44","33"
"USW00003757","ST INIGOES WEBSTER NAVAL OUTLYING FIELD, MD US","38.14167","-76.42917","6.4","2019-01-08","7.38","0.12","61","43"
"USW00003757","ST INIGOES WEBSTER NAVAL OUTLYING FIELD, MD US","38.14167","-76.42917","6.4","2019-01-09","12.97","0.03","55","36"
"USW00003757","ST INIGOES WEBSTER NAVAL OUTLYING FIELD, MD US","38.14167","-76.42917","6.4","2019-01-10","17.45","0.00","40","32"
"USW00003757","ST INIGOES WEBSTER NAVAL OUTLYING FIELD, MD US","38.14167","-76.42917","6.4","2019-01-11","6.04","0.00","42","29"
"USW00003757","ST INIGOES WEBSTER NAVAL OUTLYING FIELD, MD US","38.14167","-76.42917","6.4","2019-01-12","2.68","0.16","38","29"
"USW00003757","ST INIGOES WEBSTER NAVAL OUTLYING FIELD, MD US","38.14167","-76.42917","6.4","2019-01-13","9.17","0.84","36","31"
"USW00003757","ST INIGOES WEBSTER NAVAL OUTLYING FIELD, MD US","38.14167","-76.42917","6.4","2019-01-14","4.03","0.01","36","24"
"USW00003757","ST INIGOES WEBSTER NAVAL OUTLYING FIELD, MD US","38.14167","-76.42917","6.4","2019-01-15","2.24","0.00","42","22"
"USW00003757","ST INIGOES WEBSTER NAVAL OUTLYING FIELD, MD US","38.14167","-76.42917","6.4","2019-01-16","2.68","0.00","45","26"
"USW00003757","ST INIGOES WEBSTER NAVAL OUTLYING FIELD, MD US","38.14167","-76.42917","6.4","2019-01-17","4.03","0.00","42","30"
"USW00003757","ST INIGOES WEBSTER NAVAL OUTLYING FIELD, MD US","38.14167","-76.42917","6.4","2019-01-18","2.24","0.00","46","35"
"USW00003757","ST INIGOES WEBSTER NAVAL OUTLYING FIELD, MD US","38.14167","-76.42917","6.4","2019-01-19","7.38","0.00","51","36"
"USW00003757","ST INIGOES WEBSTER NAVAL OUTLYING FIELD, MD US","38.14167","-76.42917","6.4","2019-01-20",,"0.00",,
"USW00003757","ST INIGOES WEBSTER NAVAL OUTLYING FIELD, MD US","38.14167","-76.42917","6.4","2019-01-22",,,"32","25"
"USW00003757","ST INIGOES WEBSTER NAVAL OUTLYING FIELD, MD US","38.14167","-76.42917","6.4","2019-01-23",,"0.00",,
"USW00003757","ST INIGOES WEBSTER NAVAL OUTLYING FIELD, MD US","38.14167","-76.42917","6.4","2019-01-24",,"0.00",,
"USW00003757","ST INIGOES WEBSTER NAVAL OUTLYING FIELD, MD US","38.14167","-76.42917","6.4","2019-01-25",,"0.00",,
"USW00003757","ST INIGOES WEBSTER NAVAL OUTLYING FIELD, MD US","38.14167","-76.42917","6.4","2019-01-26",,"0.00",,
"USW00003757","ST INIGOES WEBSTER NAVAL OUTLYING FIELD, MD US","38.14167","-76.42917","6.4","2019-01-27",,"0.00",,
"USW00003757","ST INIGOES WEBSTER NAVAL OUTLYING FIELD, MD US","38.14167","-76.42917","6.4","2019-01-28",,"0.00",,
"USW00003757","ST INIGOES WEBSTER NAVAL OUTLYING FIELD, MD US","38.14167","-76.42917","6.4","2019-01-29",,"0.32",,
"USW00003757","ST INIGOES WEBSTER NAVAL OUTLYING FIELD, MD US","38.14167","-76.42917","6.4","2019-01-30","10.51","0.00","39","16"
"USW00003757","ST INIGOES WEBSTER NAVAL OUTLYING FIELD, MD US","38.14167","-76.42917","6.4","2019-01-31","2.91","0.00","25","12"
"USW00003757","ST INIGOES WEBSTER NAVAL OUTLYING FIELD, MD US","38.14167","-76.42917","6.4","2019-02-01","6.71","0.00","31","18"
"USW00003757","ST INIGOES WEBSTER NAVAL OUTLYING FIELD, MD US","38.14167","-76.42917","6.4","2019-02-02","1.79","0.00","40","23"
"USW00003757","ST INIGOES WEBSTER NAVAL OUTLYING FIELD, MD US","38.14167","-76.42917","6.4","2019-02-03","1.12","0.00","56","30"
"USW00003757","ST INIGOES WEBSTER NAVAL OUTLYING FIELD, MD US","38.14167","-76.42917","6.4","2019-02-04","1.12","0.00","64","33"
"USW00003757","ST INIGOES WEBSTER NAVAL OUTLYING FIELD, MD US","38.14167","-76.42917","6.4","2019-02-05","1.12","0.00","68","34"
"USW00003757","ST INIGOES WEBSTER NAVAL OUTLYING FIELD, MD US","38.14167","-76.42917","6.4","2019-02-06","6.04","0.02","63","45"
"USW00003757","ST INIGOES WEBSTER NAVAL OUTLYING FIELD, MD US","38.14167","-76.42917","6.4","2019-02-07","3.58","0.00","57","47"
"USW00003757","ST INIGOES WEBSTER NAVAL OUTLYING FIELD, MD US","38.14167","-76.42917","6.4","2019-02-08","5.59","0.00","65","42"
"USW00003757","ST INIGOES WEBSTER NAVAL OUTLYING FIELD, MD US","38.14167","-76.42917","6.4","2019-02-09","7.61","0.00","41","30"
"USW00003757","ST INIGOES WEBSTER NAVAL OUTLYING FIELD, MD US","38.14167","-76.42917","6.4","2019-02-10","2.68","0.10","42","23"
"USW00003757","ST INIGOES WEBSTER NAVAL OUTLYING FIELD, MD US","38.14167","-76.42917","6.4","2019-02-11","4.92","0.39","40","37"
"USW00003757","ST INIGOES WEBSTER NAVAL OUTLYING FIELD, MD US","38.14167","-76.42917","6.4","2019-02-12","7.38","0.75","48","38"
"USW00003757","ST INIGOES WEBSTER NAVAL OUTLYING FIELD, MD US","38.14167","-76.42917","6.4","2019-02-13","8.95","0.00","53","33"
"USW00003757","ST INIGOES WEBSTER NAVAL OUTLYING FIELD, MD US","38.14167","-76.42917","6.4","2019-02-14","4.03","0.00","56","31"
"USW00003757","ST INIGOES WEBSTER NAVAL OUTLYING FIELD, MD US","38.14167","-76.42917","6.4","2019-02-15","11.18","0.00","64","47"
"USW00003757","ST INIGOES WEBSTER NAVAL OUTLYING FIELD, MD US","38.14167","-76.42917","6.4","2019-02-16","4.25","0.02","60","31"
"USW00003757","ST INIGOES WEBSTER NAVAL OUTLYING FIELD, MD US","38.14167","-76.42917","6.4","2019-02-17","3.80","0.20","43","30"
"USW00003757","ST INIGOES WEBSTER NAVAL OUTLYING FIELD, MD US","38.14167","-76.42917","6.4","2019-02-18","8.05","0.23","55","42"
"USW00003757","ST INIGOES WEBSTER NAVAL OUTLYING FIELD, MD US","38.14167","-76.42917","6.4","2019-02-19","4.70","0.00","43","33"
"USW00003757","ST INIGOES WEBSTER NAVAL OUTLYING FIELD, MD US","38.14167","-76.42917","6.4","2019-02-20","5.82","1.57","39","32"
"USW00003757","ST INIGOES WEBSTER NAVAL OUTLYING FIELD, MD US","38.14167","-76.42917","6.4","2019-02-21","4.03","0.03","53","37"
"USW00003757","ST INIGOES WEBSTER NAVAL OUTLYING FIELD, MD US","38.14167","-76.42917","6.4","2019-02-22","2.01","0.02","51","43"
"USW00003757","ST INIGOES WEBSTER NAVAL OUTLYING FIELD, MD US","38.14167","-76.42917","6.4","2019-02-23","6.26","0.57","44","41"
"USW00003757","ST INIGOES WEBSTER NAVAL OUTLYING FIELD, MD US","38.14167","-76.42917","6.4","2019-02-24","11.41","0.47","61","41"
"USW00003757","ST INIGOES WEBSTER NAVAL OUTLYING FIELD, MD US","38.14167","-76.42917","6.4","2019-02-25","12.53","0.00","54","35"
"USW00003757","ST INIGOES WEBSTER NAVAL OUTLYING FIELD, MD US","38.14167","-76.42917","6.4","2019-02-26","4.03","0.00","51","30"
"USW00003757","ST INIGOES WEBSTER NAVAL OUTLYING FIELD, MD US","38.14167","-76.42917","6.4","2019-02-27","6.71","0.00","44","36"
"USW00003757","ST INIGOES WEBSTER NAVAL OUTLYING FIELD, MD US","38.14167","-76.42917","6.4","2019-02-28","7.16","0.00","49","41"
"USW00003757","ST INIGOES WEBSTER NAVAL OUTLYING FIELD, MD US","38.14167","-76.42917","6.4","2019-03-01","8.05","0.60","41","37"
"USW00003757","ST INIGOES WEBSTER NAVAL OUTLYING FIELD, MD US","38.14167","-76.42917","6.4","2019-03-02","3.80","0.03","49","38"
"USW00003757","ST INIGOES WEBSTER NAVAL OUTLYING FIELD, MD US","38.14167","-76.42917","6.4","2019-03-03","4.92","0.64","44","38"
"USW00003757","ST INIGOES WEBSTER NAVAL OUTLYING FIELD, MD US","38.14167","-76.42917","6.4","2019-03-04","8.28","0.01","44","31"
"USW00003757","ST INIGOES WEBSTER NAVAL OUTLYING FIELD, MD US","38.14167","-76.42917","6.4","2019-03-05","5.82","0.00","39","27"
"USW00003757","ST INIGOES WEBSTER NAVAL OUTLYING FIELD, MD US","38.14167","-76.42917","6.4","2019-03-06","9.17","0.00","36","26"
"USW00003757","ST INIGOES WEBSTER NAVAL OUTLYING FIELD, MD US","38.14167","-76.42917","6.4","2019-03-07","4.03","0.00","43","25"
"USW00003757","ST INIGOES WEBSTER NAVAL OUTLYING FIELD, MD US","38.14167","-76.42917","6.4","2019-03-08","4.03","0.19","43","34"
"USW00003757","ST INIGOES WEBSTER NAVAL OUTLYING FIELD, MD US","38.14167","-76.42917","6.4","2019-03-09","5.59","0.06","43","36"
"USW00003757","ST INIGOES WEBSTER NAVAL OUTLYING FIELD, MD US","38.14167","-76.42917","6.4","2019-03-10","6.49","0.19","63","42"
"USW00003757","ST INIGOES WEBSTER NAVAL OUTLYING FIELD, MD US","38.14167","-76.42917","6.4","2019-03-11","3.58","0.00","61","37"
"USW00003757","ST INIGOES WEBSTER NAVAL OUTLYING FIELD, MD US","38.14167","-76.42917","6.4","2019-03-12","6.71","0.00","50","30"
"USW00003757","ST INIGOES WEBSTER NAVAL OUTLYING FIELD, MD US","38.14167","-76.42917","6.4","2019-03-13","6.04","0.00","51","26"
"USW00003757","ST INIGOES WEBSTER NAVAL OUTLYING FIELD, MD US","38.14167","-76.42917","6.4","2019-03-14","9.40","0.00","67","43"
"USW00003757","ST INIGOES WEBSTER NAVAL OUTLYING FIELD, MD US","38.14167","-76.42917","6.4","2019-03-15","13.20","0.01","70","55"
"USW00003757","ST INIGOES WEBSTER NAVAL OUTLYING FIELD, MD US","38.14167","-76.42917","6.4","2019-03-16","7.83","0.00","61","38"
"USW00003757","ST INIGOES WEBSTER NAVAL OUTLYING FIELD, MD US","38.14167","-76.42917","6.4","2019-03-17","4.03","0.00","51","29"
"USW00003757","ST INIGOES WEBSTER NAVAL OUTLYING FIELD, MD US","38.14167","-76.42917","6.4","2019-03-18","4.70","0.00","46","30"
"USW00003757","ST INIGOES WEBSTER NAVAL OUTLYING FIELD, MD US","38.14167","-76.42917","6.4","2019-03-19","3.80","0.00","49","27"
"USW00003757","ST INIGOES WEBSTER NAVAL OUTLYING FIELD, MD US","38.14167","-76.42917","6.4","2019-03-20","5.37","0.10","52","28"
"USW00003757","ST INIGOES WEBSTER NAVAL OUTLYING FIELD, MD US","38.14167","-76.42917","6.4","2019-03-21","12.30","1.13","55","41"
"USW00003757","ST INIGOES WEBSTER NAVAL OUTLYING FIELD, MD US","38.14167","-76.42917","6.4","2019-03-22","17.22","0.11","54","41"
"USW00003757","ST INIGOES WEBSTER NAVAL OUTLYING FIELD, MD US","38.14167","-76.42917","6.4","2019-03-23","13.20","0.00","53","35"
"USW00003757","ST INIGOES WEBSTER NAVAL OUTLYING FIELD, MD US","38.14167","-76.42917","6.4","2019-03-24","5.37","0.00","61","29"
"USW00003757","ST INIGOES WEBSTER NAVAL OUTLYING FIELD, MD US","38.14167","-76.42917","6.4","2019-03-25","6.04","0.01","63","45"
"USW00003757","ST INIGOES WEBSTER NAVAL OUTLYING FIELD, MD US","38.14167","-76.42917","6.4","2019-03-26","8.28","0.00","48","31"
"USW00003757","ST INIGOES WEBSTER NAVAL OUTLYING FIELD, MD US","38.14167","-76.42917","6.4","2019-03-27","4.92",,"51","28"
"USW00003757","ST INIGOES WEBSTER NAVAL OUTLYING FIELD, MD US","38.14167","-76.42917","6.4","2019-03-28","6.04","0.00","57","29"
"USW00003757","ST INIGOES WEBSTER NAVAL OUTLYING FIELD, MD US","38.14167","-76.42917","6.4","2019-03-29","6.93","0.00","70","50"
"USW00003757","ST INIGOES WEBSTER NAVAL OUTLYING FIELD, MD US","38.14167","-76.42917","6.4","2019-03-30","7.61","0.00","72","52"
"USW00003757","ST INIGOES WEBSTER NAVAL OUTLYING FIELD, MD US","38.14167","-76.42917","6.4","2019-03-31","12.30","0.06","63","37"
"USW00003757","ST INIGOES WEBSTER NAVAL OUTLYING FIELD, MD US","38.14167","-76.42917","6.4","2019-04-01","6.49","0.00","47","30"
"USW00003757","ST INIGOES WEBSTER NAVAL OUTLYING FIELD, MD US","38.14167","-76.42917","6.4","2019-04-02","6.49","0.01","49","31"
"USW00003757","ST INIGOES WEBSTER NAVAL OUTLYING FIELD, MD US","38.14167","-76.42917","6.4","2019-04-03","6.93","0.00","66","39"
"USW00003757","ST INIGOES WEBSTER NAVAL OUTLYING FIELD, MD US","38.14167","-76.42917","6.4","2019-04-04","5.14","0.00","64","38"
"USW00003757","ST INIGOES WEBSTER NAVAL OUTLYING FIELD, MD US","38.14167","-76.42917","6.4","2019-04-05","6.93","0.09","56","48"
"USW00003757","ST INIGOES WEBSTER NAVAL OUTLYING FIELD, MD US","38.14167","-76.42917","6.4","2019-04-06","3.58","0.00","62","44"
"USW00003757","ST INIGOES WEBSTER NAVAL OUTLYING FIELD, MD US","38.14167","-76.42917","6.4","2019-04-07","6.26","0.00","68","41"
"USW00003757","ST INIGOES WEBSTER NAVAL OUTLYING FIELD, MD US","38.14167","-76.42917","6.4","2019-04-08","8.05","0.65","81","57"
"USW00003757","ST INIGOES WEBSTER NAVAL OUTLYING FIELD, MD US","38.14167","-76.42917","6.4","2019-04-09","4.70","0.01","73","60"
"USW00003757","ST INIGOES WEBSTER NAVAL OUTLYING FIELD, MD US","38.14167","-76.42917","6.4","2019-04-10","4.70","0.00","69","47"
"USW00003757","ST INIGOES WEBSTER NAVAL OUTLYING FIELD, MD US","38.14167","-76.42917","6.4","2019-04-11","8.72","0.00","60","46"
"USW00003757","ST INIGOES WEBSTER NAVAL OUTLYING FIELD, MD US","38.14167","-76.42917","6.4","2019-04-12","9.62","0.00","70","51"
"USW00003757","ST INIGOES WEBSTER NAVAL OUTLYING FIELD, MD US","38.14167","-76.42917","6.4","2019-04-13","3.80","0.20","68","60"
"USW00003757","ST INIGOES WEBSTER NAVAL OUTLYING FIELD, MD US","38.14167","-76.42917","6.4","2019-04-14","8.05","0.01","74","61"
"USW00003757","ST INIGOES WEBSTER NAVAL OUTLYING FIELD, MD US","38.14167","-76.42917","6.4","2019-04-15","15.43","1.08","72","48"
"USW00003757","ST INIGOES WEBSTER NAVAL OUTLYING FIELD, MD US","38.14167","-76.42917","6.4","2019-04-16","8.05","0.00","65","46"
"USW00003757","ST INIGOES WEBSTER NAVAL OUTLYING FIELD, MD US","38.14167","-76.42917","6.4","2019-04-17","7.61","0.00","69","55"
"USW00003757","ST INIGOES WEBSTER NAVAL OUTLYING FIELD, MD US","38.14167","-76.42917","6.4","2019-04-18","8.05","0.00","80","54"
"USW00003757","ST INIGOES WEBSTER NAVAL OUTLYING FIELD, MD US","38.14167","-76.42917","6.4","2019-04-19","10.74","0.71","72","62"
"USW00003757","ST INIGOES WEBSTER NAVAL OUTLYING FIELD, MD US","38.14167","-76.42917","6.4","2019-04-20","9.84","0.09","70","58"
"USW00003757","ST INIGOES WEBSTER NAVAL OUTLYING FIELD, MD US","38.14167","-76.42917","6.4","2019-04-21","6.04","0.00","64","49"
"USW00003757","ST INIGOES WEBSTER NAVAL OUTLYING FIELD, MD US","38.14167","-76.42917","6.4","2019-04-22","4.70","0.00","70","49"
"USW00003757","ST INIGOES WEBSTER NAVAL OUTLYING FIELD, MD US","38.14167","-76.42917","6.4","2019-04-23","5.14","0.00","77","49"
"USW00003757","ST INIGOES WEBSTER NAVAL OUTLYING FIELD, MD US","38.14167","-76.42917","6.4","2019-04-24","4.25","0.00","75","57"
"USW00003757","ST INIGOES WEBSTER NAVAL OUTLYING FIELD, MD US","38.14167","-76.42917","6.4","2019-04-25","5.37","0.00","74","57"
"USW00003757","ST INIGOES WEBSTER NAVAL OUTLYING FIELD, MD US","38.14167","-76.42917","6.4","2019-04-26","7.83","0.77","73","56"
"USW00003757","ST INIGOES WEBSTER NAVAL OUTLYING FIELD, MD US","38.14167","-76.42917","6.4","2019-04-27","9.62","0.00","71","52"
"USW00003757","ST INIGOES WEBSTER NAVAL OUTLYING FIELD, MD US","38.14167","-76.42917","6.4","2019-04-28","8.05","0.00","76","51"
"USW00003757","ST INIGOES WEBSTER NAVAL OUTLYING FIELD, MD US","38.14167","-76.42917","6.4","2019-04-29","6.26","0.00","56","48"
"USW00003757","ST INIGOES WEBSTER NAVAL OUTLYING FIELD, MD US","38.14167","-76.42917","6.4","2019-04-30","6.93","0.00","81","54"
"USW00003757","ST INIGOES WEBSTER NAVAL OUTLYING FIELD, MD US","38.14167","-76.42917","6.4","2019-05-01","6.93","0.00","74","60"
"USW00003757","ST INIGOES WEBSTER NAVAL OUTLYING FIELD, MD US","38.14167","-76.42917","6.4","2019-05-02","6.93","0.19","85","62"
"USW00003757","ST INIGOES WEBSTER NAVAL OUTLYING FIELD, MD US","38.14167","-76.42917","6.4","2019-05-03","7.38","0.00","82","61"
"USW00003757","ST INIGOES WEBSTER NAVAL OUTLYING FIELD, MD US","38.14167","-76.42917","6.4","2019-05-04","5.59","0.00","77","63"
"USW00003757","ST INIGOES WEBSTER NAVAL OUTLYING FIELD, MD US","38.14167","-76.42917","6.4","2019-05-05","4.25","1.07","71","52"
"USW00003757","ST INIGOES WEBSTER NAVAL OUTLYING FIELD, MD US","38.14167","-76.42917","6.4","2019-05-06","5.14","0.01","69","52"
"USW00003757","ST INIGOES WEBSTER NAVAL OUTLYING FIELD, MD US","38.14167","-76.42917","6.4","2019-05-07","6.93","0.00","76","55"
"USW00003757","ST INIGOES WEBSTER NAVAL OUTLYING FIELD, MD US","38.14167","-76.42917","6.4","2019-05-08","7.16","0.00","75","62"
"USW00003757","ST INIGOES WEBSTER NAVAL OUTLYING FIELD, MD US","38.14167","-76.42917","6.4","2019-05-09","9.40","0.21",,
"USW00003757","ST INIGOES WEBSTER NAVAL OUTLYING FIELD, MD US","38.14167","-76.42917","6.4","2019-05-10","9.84","0.00","84","69"
"USW00003757","ST INIGOES WEBSTER NAVAL OUTLYING FIELD, MD US","38.14167","-76.42917","6.4","2019-05-11","4.70","0.08","75","65"
"USW00003757","ST INIGOES WEBSTER NAVAL OUTLYING FIELD, MD US","38.14167","-76.42917","6.4","2019-05-12","6.49","0.66","71","55"
"USW00003757","ST INIGOES WEBSTER NAVAL OUTLYING FIELD, MD US","38.14167","-76.42917","6.4","2019-05-13","4.70","0.77","63","54"
"USW00003757","ST INIGOES WEBSTER NAVAL OUTLYING FIELD, MD US","38.14167","-76.42917","6.4","2019-05-14","6.93","0.00","67","50"
"USW00003757","ST INIGOES WEBSTER NAVAL OUTLYING FIELD, MD US","38.14167","-76.42917","6.4","2019-05-15","8.50","0.00","75","53"
"USW00003757","ST INIGOES WEBSTER NAVAL OUTLYING FIELD, MD US","38.14167","-76.42917","6.4","2019-05-16","6.26","0.00","79","60"
"USW00003757","ST INIGOES WEBSTER NAVAL OUTLYING FIELD, MD US","38.14167","-76.42917","6.4","2019-05-17","5.14","0.00","85","61"
"USW00003757","ST INIGOES WEBSTER NAVAL OUTLYING FIELD, MD US","38.14167","-76.42917","6.4","2019-05-18","4.70","0.00","84","66"
"USW00003757","ST INIGOES WEBSTER NAVAL OUTLYING FIELD, MD US","38.14167","-76.42917","6.4","2019-05-19","7.83","0.00","90","69"
"USW00003757","ST INIGOES WEBSTER NAVAL OUTLYING FIELD, MD US","38.14167","-76.42917","6.4","2019-05-20","8.50","0.03","92","72"
"USW00003757","ST INIGOES WEBSTER NAVAL OUTLYING FIELD, MD US","38.14167","-76.42917","6.4","2019-05-21","4.25","0.00","77","58"
"USW00003757","ST INIGOES WEBSTER NAVAL OUTLYING FIELD, MD US","38.14167","-76.42917","6.4","2019-05-22","5.82",,"74","55"
"USW00003757","ST INIGOES WEBSTER NAVAL OUTLYING FIELD, MD US","38.14167","-76.42917","6.4","2019-05-23","9.17","0.37","89","66"
"USW00003757","ST INIGOES WEBSTER NAVAL OUTLYING FIELD, MD US","38.14167","-76.42917","6.4","2019-05-24","6.26","0.00","88","67"
"USW00003757","ST INIGOES WEBSTER NAVAL OUTLYING FIELD, MD US","38.14167","-76.42917","6.4","2019-05-25","8.50","0.00","79","66"
"USW00003757","ST INIGOES WEBSTER NAVAL OUTLYING FIELD, MD US","38.14167","-76.42917","6.4","2019-05-26","4.03","0.68","93","73"
"USW00003757","ST INIGOES WEBSTER NAVAL OUTLYING FIELD, MD US","38.14167","-76.42917","6.4","2019-05-27","2.68","0.09","85","71"
"USW00003757","ST INIGOES WEBSTER NAVAL OUTLYING FIELD, MD US","38.14167","-76.42917","6.4","2019-05-28","7.61","0.00","93","73"
"USW00003757","ST INIGOES WEBSTER NAVAL OUTLYING FIELD, MD US","38.14167","-76.42917","6.4","2019-05-29","6.04","0.00","96","72"
"USW00003757","ST INIGOES WEBSTER NAVAL OUTLYING FIELD, MD US","38.14167","-76.42917","6.4","2019-05-30","5.59","0.01","96","73"
"USW00003757","ST INIGOES WEBSTER NAVAL OUTLYING FIELD, MD US","38.14167","-76.42917","6.4","2019-05-31","4.70","0.00","89","71"
"USW00003757","ST INIGOES WEBSTER NAVAL OUTLYING FIELD, MD US","38.14167","-76.42917","6.4","2019-06-01","3.80","0.00","86","68"
"USW00003757","ST INIGOES WEBSTER NAVAL OUTLYING FIELD, MD US","38.14167","-76.42917","6.4","2019-06-02","6.26","0.21","91","68"
"USW00003757","ST INIGOES WEBSTER NAVAL OUTLYING FIELD, MD US","38.14167","-76.42917","6.4","2019-06-03","5.59","0.00","79","58"
"USW00003757","ST INIGOES WEBSTER NAVAL OUTLYING FIELD, MD US","38.14167","-76.42917","6.4","2019-06-04","5.14","0.00","79","54"
"USW00003757","ST INIGOES WEBSTER NAVAL OUTLYING FIELD, MD US","38.14167","-76.42917","6.4","2019-06-05","11.41","0.55","89","71"
"USW00003757","ST INIGOES WEBSTER NAVAL OUTLYING FIELD, MD US","38.14167","-76.42917","6.4","2019-06-06","5.59","0.00","90","74"
"USW00003757","ST INIGOES WEBSTER NAVAL OUTLYING FIELD, MD US","38.14167","-76.42917","6.4","2019-06-07","4.70","0.00","81","73"
"USW00003757","ST INIGOES WEBSTER NAVAL OUTLYING FIELD, MD US","38.14167","-76.42917","6.4","2019-06-08","9.84","0.02","83","71"
"USW00003757","ST INIGOES WEBSTER NAVAL OUTLYING FIELD, MD US","38.14167","-76.42917","6.4","2019-06-09","12.30","0.37","77","71"
"USW00003757","ST INIGOES WEBSTER NAVAL OUTLYING FIELD, MD US","38.14167","-76.42917","6.4","2019-06-10","5.14","0.78","88","72"
"USW00003757","ST INIGOES WEBSTER NAVAL OUTLYING FIELD, MD US","38.14167","-76.42917","6.4","2019-06-11","6.26","0.13","83","62"
"USW00003757","ST INIGOES WEBSTER NAVAL OUTLYING FIELD, MD US","38.14167","-76.42917","6.4","2019-06-12","7.61","0.18","79","61"
"USW00003757","ST INIGOES WEBSTER NAVAL OUTLYING FIELD, MD US","38.14167","-76.42917","6.4","2019-06-13","9.40","1.04","81","67"
"USW00003757","ST INIGOES WEBSTER NAVAL OUTLYING FIELD, MD US","38.14167","-76.42917","6.4","2019-06-14","10.96","0.00","79","66"
"USW00003757","ST INIGOES WEBSTER NAVAL OUTLYING FIELD, MD US","38.14167","-76.42917","6.4","2019-06-15","10.29","0.00","84","64"
"USW00003757","ST INIGOES WEBSTER NAVAL OUTLYING FIELD, MD US","38.14167","-76.42917","6.4","2019-06-16","11.86","0.00","90","72"
"USW00003757","ST INIGOES WEBSTER NAVAL OUTLYING FIELD, MD US","38.14167","-76.42917","6.4","2019-06-17","4.92","0.20","93","75"
"USW00003757","ST INIGOES WEBSTER NAVAL OUTLYING FIELD, MD US","38.14167","-76.42917","6.4","2019-06-18","5.82","0.21","91","76"
"USW00003757","ST INIGOES WEBSTER NAVAL OUTLYING FIELD, MD US","38.14167","-76.42917","6.4","2019-06-19","6.26","0.11","88","75"
"USW00003757","ST INIGOES WEBSTER NAVAL OUTLYING FIELD, MD US","38.14167","-76.42917","6.4","2019-06-20","9.62","0.00","93","75"
"USW00003757","ST INIGOES WEBSTER NAVAL OUTLYING FIELD, MD US","38.14167","-76.42917","6.4","2019-06-21","12.08","0.00","86","77"
"USW00003757","ST INIGOES WEBSTER NAVAL OUTLYING FIELD, MD US","38.14167","-76.42917","6.4","2019-06-22","4.70","0.00","85","64"
"USW00003757","ST INIGOES WEBSTER NAVAL OUTLYING FIELD, MD US","38.14167","-76.42917","6.4","2019-06-23","3.13","0.00","86","63"
"USW00003757","ST INIGOES WEBSTER NAVAL OUTLYING FIELD, MD US","38.14167","-76.42917","6.4","2019-06-24","7.38","0.00","90","69"
"USW00003757","ST INIGOES WEBSTER NAVAL OUTLYING FIELD, MD US","38.14167","-76.42917","6.4","2019-06-25","5.37","0.00","91","75"
"USW00003757","ST INIGOES WEBSTER NAVAL OUTLYING FIELD, MD US","38.14167","-76.42917","6.4","2019-06-26","4.25","0.00","93","76"
"USW00003757","ST INIGOES WEBSTER NAVAL OUTLYING FIELD, MD US","38.14167","-76.42917","6.4","2019-06-27","2.01","0.00","95","73"
"USW00003757","ST INIGOES WEBSTER NAVAL OUTLYING FIELD, MD US","38.14167","-76.42917","6.4","2019-06-28","3.58","0.00","96","73"
"USW00003757","ST INIGOES WEBSTER NAVAL OUTLYING FIELD, MD US","38.14167","-76.42917","6.4","2019-06-29","5.59","0.00","95","77"
"USW00003757","ST INIGOES WEBSTER NAVAL OUTLYING FIELD, MD US","38.14167","-76.42917","6.4","2019-06-30","6.26","0.00","95","75"
"USW00003757","ST INIGOES WEBSTER NAVAL OUTLYING FIELD, MD US","38.14167","-76.42917","6.4","2019-07-01","4.92","0.00","87","69"
"USW00003757","ST INIGOES WEBSTER NAVAL OUTLYING FIELD, MD US","38.14167","-76.42917","6.4","2019-07-02","6.04","0.00","95","74"
"USW00003757","ST INIGOES WEBSTER NAVAL OUTLYING FIELD, MD US","38.14167","-76.42917","6.4","2019-07-03","3.36","0.00","95","75"
"USW00003757","ST INIGOES WEBSTER NAVAL OUTLYING FIELD, MD US","38.14167","-76.42917","6.4","2019-07-04","4.92","0.00","95","77"
"USW00003757","ST INIGOES WEBSTER NAVAL OUTLYING FIELD, MD US","38.14167","-76.42917","6.4","2019-07-05","5.37","0.00","92","77"
"USW00003757","ST INIGOES WEBSTER NAVAL OUTLYING FIELD, MD US","38.14167","-76.42917","6.4","2019-07-06","7.38","0.15","94","78"
"USW00003757","ST INIGOES WEBSTER NAVAL OUTLYING FIELD, MD US","38.14167","-76.42917","6.4","2019-07-07","2.91","0.19","90","76"
"USW00003757","ST INIGOES WEBSTER NAVAL OUTLYING FIELD, MD US","38.14167","-76.42917","6.4","2019-07-08","6.71","1.34","85","71"
"USW00003757","ST INIGOES WEBSTER NAVAL OUTLYING FIELD, MD US","38.14167","-76.42917","6.4","2019-07-09","3.80","0.00","87","68"
"USW00003757","ST INIGOES WEBSTER NAVAL OUTLYING FIELD, MD US","38.14167","-76.42917","6.4","2019-07-10","5.14","0.00","89","70"
"USW00003757","ST INIGOES WEBSTER NAVAL OUTLYING FIELD, MD US","38.14167","-76.42917","6.4","2019-07-11","7.38","0.41","94","77"
"USW00003757","ST INIGOES WEBSTER NAVAL OUTLYING FIELD, MD US","38.14167","-76.42917","6.4","2019-07-12","6.49","0.00","92","76"
"USW00003757","ST INIGOES WEBSTER NAVAL OUTLYING FIELD, MD US","38.14167","-76.42917","6.4","2019-07-13","4.03","0.00","91","76"
"USW00003757","ST INIGOES WEBSTER NAVAL OUTLYING FIELD, MD US","38.14167","-76.42917","6.4","2019-07-14","3.80","0.00","96","76"
"USW00003757","ST INIGOES WEBSTER NAVAL OUTLYING FIELD, MD US","38.14167","-76.42917","6.4","2019-07-15","3.58","0.00","92","77"
"USW00003757","ST INIGOES WEBSTER NAVAL OUTLYING FIELD, MD US","38.14167","-76.42917","6.4","2019-07-16","5.59","0.00","95","77"
"USW00003757","ST INIGOES WEBSTER NAVAL OUTLYING FIELD, MD US","38.14167","-76.42917","6.4","2019-07-17","7.61","0.07","98","81"
"USW00003757","ST INIGOES WEBSTER NAVAL OUTLYING FIELD, MD US","38.14167","-76.42917","6.4","2019-07-18","7.61","0.00","96","82"
"USW00003757","ST INIGOES WEBSTER NAVAL OUTLYING FIELD, MD US","38.14167","-76.42917","6.4","2019-07-19","5.59","0.00","98","82"
"USW00003757","ST INIGOES WEBSTER NAVAL OUTLYING FIELD, MD US","38.14167","-76.42917","6.4","2019-07-20","4.92","0.00","99","82"
"USW00003757","ST INIGOES WEBSTER NAVAL OUTLYING FIELD, MD US","38.14167","-76.42917","6.4","2019-07-21","5.82","0.00","100","82"
"USW00003757","ST INIGOES WEBSTER NAVAL OUTLYING FIELD, MD US","38.14167","-76.42917","6.4","2019-07-22","10.29","0.00","99","80"
"USW00003757","ST INIGOES WEBSTER NAVAL OUTLYING FIELD, MD US","38.14167","-76.42917","6.4","2019-07-23","6.71","0.47","81","71"
"USW00003757","ST INIGOES WEBSTER NAVAL OUTLYING FIELD, MD US","38.14167","-76.42917","6.4","2019-07-24","4.92","0.00","87","73"
"USW00003757","ST INIGOES WEBSTER NAVAL OUTLYING FIELD, MD US","38.14167","-76.42917","6.4","2019-07-25","2.24","0.00","90","70"
"USW00003757","ST INIGOES WEBSTER NAVAL OUTLYING FIELD, MD US","38.14167","-76.42917","6.4","2019-07-26","2.68","0.00","91","68"
"USW00003757","ST INIGOES WEBSTER NAVAL OUTLYING FIELD, MD US","38.14167","-76.42917","6.4","2019-07-27","4.03","0.00","90","68"
"USW00003757","ST INIGOES WEBSTER NAVAL OUTLYING FIELD, MD US","38.14167","-76.42917","6.4","2019-07-28","7.16","0.00","94","76"
"USW00003757","ST INIGOES WEBSTER NAVAL OUTLYING FIELD, MD US","38.14167","-76.42917","6.4","2019-07-29","6.93","0.00","96","77"
"USW00003757","ST INIGOES WEBSTER NAVAL OUTLYING FIELD, MD US","38.14167","-76.42917","6.4","2019-07-30","7.83","0.00","96","77"
"USW00003757","ST INIGOES WEBSTER NAVAL OUTLYING FIELD, MD US","38.14167","-76.42917","6.4","2019-07-31","5.59","0.62","95","73"
"USW00003757","ST INIGOES WEBSTER NAVAL OUTLYING FIELD, MD US","38.14167","-76.42917","6.4","2019-08-01","4.70","0.00","90","73"
"USW00003757","ST INIGOES WEBSTER NAVAL OUTLYING FIELD, MD US","38.14167","-76.42917","6.4","2019-08-02","4.70","0.58","85","72"
"USW00003757","ST INIGOES WEBSTER NAVAL OUTLYING FIELD, MD US","38.14167","-76.42917","6.4","2019-08-03","3.13","0.00","91","74"
"USW00003757","ST INIGOES WEBSTER NAVAL OUTLYING FIELD, MD US","38.14167","-76.42917","6.4","2019-08-04","4.92","0.00","92","78"
"USW00003757","ST INIGOES WEBSTER NAVAL OUTLYING FIELD, MD US","38.14167","-76.42917","6.4","2019-08-05","1.79","0.04","89","74"
"USW00003757","ST INIGOES WEBSTER NAVAL OUTLYING FIELD, MD US","38.14167","-76.42917","6.4","2019-08-06","6.26","0.00","89","73"
"USW00003757","ST INIGOES WEBSTER NAVAL OUTLYING FIELD, MD US","38.14167","-76.42917","6.4","2019-08-07","7.83","0.00","93","76"
"USW00003757","ST INIGOES WEBSTER NAVAL OUTLYING FIELD, MD US","38.14167","-76.42917","6.4","2019-08-08","4.92","0.00","92","74"
"USW00003757","ST INIGOES WEBSTER NAVAL OUTLYING FIELD, MD US","38.14167","-76.42917","6.4","2019-08-09","3.13","0.00","91","73"
"USW00003757","ST INIGOES WEBSTER NAVAL OUTLYING FIELD, MD US","38.14167","-76.42917","6.4","2019-08-10","3.36","0.00","86","65"
"USW00003757","ST INIGOES WEBSTER NAVAL OUTLYING FIELD, MD US","38.14167","-76.42917","6.4","2019-08-11","2.24","0.00","89","66"
"USW00003757","ST INIGOES WEBSTER NAVAL OUTLYING FIELD, MD US","38.14167","-76.42917","6.4","2019-08-12","5.82","0.00","93","65"
"USW00003757","ST INIGOES WEBSTER NAVAL OUTLYING FIELD, MD US","38.14167","-76.42917","6.4","2019-08-13","7.83","0.14","90","80"
"USW00003757","ST INIGOES WEBSTER NAVAL OUTLYING FIELD, MD US","38.14167","-76.42917","6.4","2019-08-14","4.70","0.00","93","77"
"USW00003757","ST INIGOES WEBSTER NAVAL OUTLYING FIELD, MD US","38.14167","-76.42917","6.4","2019-08-15","6.26","0.00","89","77"
"USW00003757","ST INIGOES WEBSTER NAVAL OUTLYING FIELD, MD US","38.14167","-76.42917","6.4","2019-08-16","4.25","0.01","91","75"
"USW00003757","ST INIGOES WEBSTER NAVAL OUTLYING FIELD, MD US","38.14167","-76.42917","6.4","2019-08-17","4.25","0.00","93","74"
"USW00003757","ST INIGOES WEBSTER NAVAL OUTLYING FIELD, MD US","38.14167","-76.42917","6.4","2019-08-18","4.47","0.00","93","76"
"USW00003757","ST INIGOES WEBSTER NAVAL OUTLYING FIELD, MD US","38.14167","-76.42917","6.4","2019-08-19","5.14","0.04","99","78"
"USW00003757","ST INIGOES WEBSTER NAVAL OUTLYING FIELD, MD US","38.14167","-76.42917","6.4","2019-08-20","4.47","0.05","95","77"
"USW00003757","ST INIGOES WEBSTER NAVAL OUTLYING FIELD, MD US","38.14167","-76.42917","6.4","2019-08-21","9.62","0.00","93","77"
"USW00003757","ST INIGOES WEBSTER NAVAL OUTLYING FIELD, MD US","38.14167","-76.42917","6.4","2019-08-22","7.16","0.00","96","78"
"USW00003757","ST INIGOES WEBSTER NAVAL OUTLYING FIELD, MD US","38.14167","-76.42917","6.4","2019-08-23","5.59","0.21","89","68"
"USW00003757","ST INIGOES WEBSTER NAVAL OUTLYING FIELD, MD US","38.14167","-76.42917","6.4","2019-08-24","5.82","0.00","83","70"
"USW00003757","ST INIGOES WEBSTER NAVAL OUTLYING FIELD, MD US","38.14167","-76.42917","6.4","2019-08-25","9.62","0.00","83","69"
"USW00003757","ST INIGOES WEBSTER NAVAL OUTLYING FIELD, MD US","38.14167","-76.42917","6.4","2019-08-26","8.72","0.00","81","71"
"USW00003757","ST INIGOES WEBSTER NAVAL OUTLYING FIELD, MD US","38.14167","-76.42917","6.4","2019-08-27","5.14","0.01","86","70"
"USW00003757","ST INIGOES WEBSTER NAVAL OUTLYING FIELD, MD US","38.14167","-76.42917","6.4","2019-08-28","3.58","0.00","87","73"
"USW00003757","ST INIGOES WEBSTER NAVAL OUTLYING FIELD, MD US","38.14167","-76.42917","6.4","2019-08-29","6.04","0.00","88","64"
"USW00003757","ST INIGOES WEBSTER NAVAL OUTLYING FIELD, MD US","38.14167","-76.42917","6.4","2019-08-30","4.25","0.00","91","63"
"USW00003757","ST INIGOES WEBSTER NAVAL OUTLYING FIELD, MD US","38.14167","-76.42917","6.4","2019-08-31","6.04","0.00","94","74"
"USW00003757","ST INIGOES WEBSTER NAVAL OUTLYING FIELD, MD US","38.14167","-76.42917","6.4","2019-09-01","7.61","0.00","88","74"
"USW00003757","ST INIGOES WEBSTER NAVAL OUTLYING FIELD, MD US","38.14167","-76.42917","6.4","2019-09-02","5.37","0.05","93","76"
"USW00003757","ST INIGOES WEBSTER NAVAL OUTLYING FIELD, MD US","38.14167","-76.42917","6.4","2019-09-03","4.47","0.00","90","73"
"USW00003757","ST INIGOES WEBSTER NAVAL OUTLYING FIELD, MD US","38.14167","-76.42917","6.4","2019-09-04","7.61","0.00","95","76"
"USW00003757","ST INIGOES WEBSTER NAVAL OUTLYING FIELD, MD US","38.14167","-76.42917","6.4","2019-09-05","7.83","0.00","84","75"
"USW00003757","ST INIGOES WEBSTER NAVAL OUTLYING FIELD, MD US","38.14167","-76.42917","6.4","2019-09-06","8.28","0.23","77","66"
"USW00003757","ST INIGOES WEBSTER NAVAL OUTLYING FIELD, MD US","38.14167","-76.42917","6.4","2019-09-07","4.25","0.00","87","61"
"USW00003757","ST INIGOES WEBSTER NAVAL OUTLYING FIELD, MD US","38.14167","-76.42917","6.4","2019-09-08","2.91","0.00","87","65"
"USW00003757","ST INIGOES WEBSTER NAVAL OUTLYING FIELD, MD US","38.14167","-76.42917","6.4","2019-09-09","2.91","0.02","88","69"
"USW00003757","ST INIGOES WEBSTER NAVAL OUTLYING FIELD, MD US","38.14167","-76.42917","6.4","2019-09-10","5.14","0.00","88","66"
"USW00003757","ST INIGOES WEBSTER NAVAL OUTLYING FIELD, MD US","38.14167","-76.42917","6.4","2019-09-11","6.49","0.00","94","74"
"USW00003757","ST INIGOES WEBSTER NAVAL OUTLYING FIELD, MD US","38.14167","-76.42917","6.4","2019-09-12","6.71","0.17","98","77"
"USW00003757","ST INIGOES WEBSTER NAVAL OUTLYING FIELD, MD US","38.14167","-76.42917","6.4","2019-09-13","9.62","0.00","78","69"
"USW00003757","ST INIGOES WEBSTER NAVAL OUTLYING FIELD, MD US","38.14167","-76.42917","6.4","2019-09-14","4.70","0.00","87","67"
"USW00003757","ST INIGOES WEBSTER NAVAL OUTLYING FIELD, MD US","38.14167","-76.42917","6.4","2019-09-15","2.46","0.02","88","68"
"USW00003757","ST INIGOES WEBSTER NAVAL OUTLYING FIELD, MD US","38.14167","-76.42917","6.4","2019-09-16","3.13","0.00","92","66"
"USW00003757","ST INIGOES WEBSTER NAVAL OUTLYING FIELD, MD US","38.14167","-76.42917","6.4","2019-09-17","5.14","0.01","83","61"
"USW00003757","ST INIGOES WEBSTER NAVAL OUTLYING FIELD, MD US","38.14167","-76.42917","6.4","2019-09-18","6.04","0.00","81","56"
"USW00003757","ST INIGOES WEBSTER NAVAL OUTLYING FIELD, MD US","38.14167","-76.42917","6.4","2019-09-19","4.92","0.00","75","55"
"USW00003757","ST INIGOES WEBSTER NAVAL OUTLYING FIELD, MD US","38.14167","-76.42917","6.4","2019-09-20","4.47","0.00","79","52"
"USW00003757","ST INIGOES WEBSTER NAVAL OUTLYING FIELD, MD US","38.14167","-76.42917","6.4","2019-09-21","4.70","0.00","91","60"
"USW00003757","ST INIGOES WEBSTER NAVAL OUTLYING FIELD, MD US","38.14167","-76.42917","6.4","2019-09-22","5.14","0.00","92","71"
"USW00003757","ST INIGOES WEBSTER NAVAL OUTLYING FIELD, MD US","38.14167","-76.42917","6.4","2019-09-23","8.05","0.00","95","75"
"USW00003757","ST INIGOES WEBSTER NAVAL OUTLYING FIELD, MD US","38.14167","-76.42917","6.4","2019-09-24","4.92","0.00","86","61"
"USW00003757","ST INIGOES WEBSTER NAVAL OUTLYING FIELD, MD US","38.14167","-76.42917","6.4","2019-09-25","4.70","0.00","86","57"
"USW00003757","ST INIGOES WEBSTER NAVAL OUTLYING FIELD, MD US","38.14167","-76.42917","6.4","2019-09-26","5.37","0.01","95","71"
"USW00003757","ST INIGOES WEBSTER NAVAL OUTLYING FIELD, MD US","38.14167","-76.42917","6.4","2019-09-27","6.26","0.00","85","65"
"USW00003757","ST INIGOES WEBSTER NAVAL OUTLYING FIELD, MD US","38.14167","-76.42917","6.4","2019-09-28","4.70","0.00","90","74"
"USW00003757","ST INIGOES WEBSTER NAVAL OUTLYING FIELD, MD US","38.14167","-76.42917","6.4","2019-09-29","4.92","0.00","91","71"
"USW00003757","ST INIGOES WEBSTER NAVAL OUTLYING FIELD, MD US","38.14167","-76.42917","6.4","2019-09-30","5.37","0.00","80","71"
"USW00003757","ST INIGOES WEBSTER NAVAL OUTLYING FIELD, MD US","38.14167","-76.42917","6.4","2019-10-01","5.14","0.00","88","73"
"USW00003757","ST INIGOES WEBSTER NAVAL OUTLYING FIELD, MD US","38.14167","-76.42917","6.4","2019-10-02","5.14","0.00","101","77"
"USW00003757","ST INIGOES WEBSTER NAVAL OUTLYING FIELD, MD US","38.14167","-76.42917","6.4","2019-10-03","6.49","0.00","85","76"
"USW00003757","ST INIGOES WEBSTER NAVAL OUTLYING FIELD, MD US","38.14167","-76.42917","6.4","2019-10-04","8.72","0.00","82","58"
"USW00003757","ST INIGOES WEBSTER NAVAL OUTLYING FIELD, MD US","38.14167","-76.42917","6.4","2019-10-05","8.50","0.00","73","56"
"USW00003757","ST INIGOES WEBSTER NAVAL OUTLYING FIELD, MD US","38.14167","-76.42917","6.4","2019-10-06","8.50","0.00","80","69"
"USW00003757","ST INIGOES WEBSTER NAVAL OUTLYING FIELD, MD US","38.14167","-76.42917","6.4","2019-10-07","7.83","0.01","87","67"
"USW00003757","ST INIGOES WEBSTER NAVAL OUTLYING FIELD, MD US","38.14167","-76.42917","6.4","2019-10-08","9.62","0.00","70","66"
"USW00003757","ST INIGOES WEBSTER NAVAL OUTLYING FIELD, MD US","38.14167","-76.42917","6.4","2019-10-09","6.93","0.00","68","61"
"USW00003757","ST INIGOES WEBSTER NAVAL OUTLYING FIELD, MD US","38.14167","-76.42917","6.4","2019-10-10","4.70","0.00","79","58"
"USW00003757","ST INIGOES WEBSTER NAVAL OUTLYING FIELD, MD US","38.14167","-76.42917","6.4","2019-10-11","5.37","0.00","75","56"
"USW00003757","ST INIGOES WEBSTER NAVAL OUTLYING FIELD, MD US","38.14167","-76.42917","6.4","2019-10-12","1.79","0.00","79","50"
"USW00003757","ST INIGOES WEBSTER NAVAL OUTLYING FIELD, MD US","38.14167","-76.42917","6.4","2019-10-13","4.03","0.12","71","62"
"USW00003757","ST INIGOES WEBSTER NAVAL OUTLYING FIELD, MD US","38.14167","-76.42917","6.4","2019-10-14","3.36","0.00","77","58"
"USW00003757","ST INIGOES WEBSTER NAVAL OUTLYING FIELD, MD US","38.14167","-76.42917","6.4","2019-10-15","3.58","0.00","75","52"
"USW00003757","ST INIGOES WEBSTER NAVAL OUTLYING FIELD, MD US","38.14167","-76.42917","6.4","2019-10-16","10.29","0.86","71","57"
"USW00003757","ST INIGOES WEBSTER NAVAL OUTLYING FIELD, MD US","38.14167","-76.42917","6.4","2019-10-17","13.42","0.00","66","54"
"USW00003757","ST INIGOES WEBSTER NAVAL OUTLYING FIELD, MD US","38.14167","-76.42917","6.4","2019-10-18","6.71","0.00","67","49"
"USW00003757","ST INIGOES WEBSTER NAVAL OUTLYING FIELD, MD US","38.14167","-76.42917","6.4","2019-10-19","2.91","0.00","68","42"
"USW00003757","ST INIGOES WEBSTER NAVAL OUTLYING FIELD, MD US","38.14167","-76.42917","6.4","2019-10-20","11.18","2.45","66","59"
"USW00003757","ST INIGOES WEBSTER NAVAL OUTLYING FIELD, MD US","38.14167","-76.42917","6.4","2019-10-21","4.25","0.00","70","58"
"USW00003757","ST INIGOES WEBSTER NAVAL OUTLYING FIELD, MD US","38.14167","-76.42917","6.4","2019-10-22","6.49","0.10","70","61"
"USW00003757","ST INIGOES WEBSTER NAVAL OUTLYING FIELD, MD US","38.14167","-76.42917","6.4","2019-10-23","4.70","0.00","71","49"
"USW00003757","ST INIGOES WEBSTER NAVAL OUTLYING FIELD, MD US","38.14167","-76.42917","6.4","2019-10-24","4.03","0.00","73","45"
"USW00003757","ST INIGOES WEBSTER NAVAL OUTLYING FIELD, MD US","38.14167","-76.42917","6.4","2019-10-25","2.01","0.00","72","52"
"USW00003757","ST INIGOES WEBSTER NAVAL OUTLYING FIELD, MD US","38.14167","-76.42917","6.4","2019-10-26","5.82","0.01","74","59"
"USW00003757","ST INIGOES WEBSTER NAVAL OUTLYING FIELD, MD US","38.14167","-76.42917","6.4","2019-10-27","8.28","0.56","84","66"
"USW00003757","ST INIGOES WEBSTER NAVAL OUTLYING FIELD, MD US","38.14167","-76.42917","6.4","2019-10-28","4.92","0.00","71","55"
"USW00003757","ST INIGOES WEBSTER NAVAL OUTLYING FIELD, MD US","38.14167","-76.42917","6.4","2019-10-29","2.68","0.00","72","57"
"USW00003757","ST INIGOES WEBSTER NAVAL OUTLYING FIELD, MD US","38.14167","-76.42917","6.4","2019-10-30","2.91","0.02","71","56"
"USW00003757","ST INIGOES WEBSTER NAVAL OUTLYING FIELD, MD US","38.14167","-76.42917","6.4","2019-10-31","12.08","0.28","84","62"
"USW00003757","ST INIGOES WEBSTER NAVAL OUTLYING FIELD, MD US","38.14167","-76.42917","6.4","2019-11-01","7.83","0.00","63","42"
"USW00003757","ST INIGOES WEBSTER NAVAL OUTLYING FIELD, MD US","38.14167","-76.42917","6.4","2019-11-02","2.01","0.00","59","37"
"USW00003757","ST INIGOES WEBSTER NAVAL OUTLYING FIELD, MD US","38.14167","-76.42917","6.4","2019-11-03","5.14","0.00","60","38"
"USW00003757","ST INIGOES WEBSTER NAVAL OUTLYING FIELD, MD US","38.14167","-76.42917","6.4","2019-11-04","6.04","0.00","64","38"
"USW00003757","ST INIGOES WEBSTER NAVAL OUTLYING FIELD, MD US","38.14167","-76.42917","6.4","2019-11-05","2.24","0.00","72","48"
"USW00003757","ST INIGOES WEBSTER NAVAL OUTLYING FIELD, MD US","38.14167","-76.42917","6.4","2019-11-06","3.58","0.00","61","41"
"USW00003757","ST INIGOES WEBSTER NAVAL OUTLYING FIELD, MD US","38.14167","-76.42917","6.4","2019-11-07","5.14","0.05","68","41"
"USW00003757","ST INIGOES WEBSTER NAVAL OUTLYING FIELD, MD US","38.14167","-76.42917","6.4","2019-11-08","8.28","0.01","53","39"
"USW00003757","ST INIGOES WEBSTER NAVAL OUTLYING FIELD, MD US","38.14167","-76.42917","6.4","2019-11-09","4.92","0.00","49","31"
"USW00003757","ST INIGOES WEBSTER NAVAL OUTLYING FIELD, MD US","38.14167","-76.42917","6.4","2019-11-10","6.93","0.00","63","46"
"USW00003757","ST INIGOES WEBSTER NAVAL OUTLYING FIELD, MD US","38.14167","-76.42917","6.4","2019-11-11","7.61","0.00","70","50"
"USW00003757","ST INIGOES WEBSTER NAVAL OUTLYING FIELD, MD US","38.14167","-76.42917","6.4","2019-11-12","10.51","0.50","63","36"
"USW00003757","ST INIGOES WEBSTER NAVAL OUTLYING FIELD, MD US","38.14167","-76.42917","6.4","2019-11-13","5.14","0.00","41","28"
"USW00003757","ST INIGOES WEBSTER NAVAL OUTLYING FIELD, MD US","38.14167","-76.42917","6.4","2019-11-14","5.37","0.00","50","26"
"USW00003757","ST INIGOES WEBSTER NAVAL OUTLYING FIELD, MD US","38.14167","-76.42917","6.4","2019-11-15","2.68","0.02","54","43"
"USW00003757","ST INIGOES WEBSTER NAVAL OUTLYING FIELD, MD US","38.14167","-76.42917","6.4","2019-11-16","12.97","0.00","50","43"
"USW00003757","ST INIGOES WEBSTER NAVAL OUTLYING FIELD, MD US","38.14167","-76.42917","6.4","2019-11-17","10.74","0.00","51","42"
"USW00003757","ST INIGOES WEBSTER NAVAL OUTLYING FIELD, MD US","38.14167","-76.42917","6.4","2019-11-18","4.70","0.08","53","46"
"USW00003757","ST INIGOES WEBSTER NAVAL OUTLYING FIELD, MD US","38.14167","-76.42917","6.4","2019-11-19","4.92","0.01","55","48"
"USW00003757","ST INIGOES WEBSTER NAVAL OUTLYING FIELD, MD US","38.14167","-76.42917","6.4","2019-11-20","6.49","0.00","59","48"
"USW00003757","ST INIGOES WEBSTER NAVAL OUTLYING FIELD, MD US","38.14167","-76.42917","6.4","2019-11-21","5.59","0.00","56","38"
"USW00003757","ST INIGOES WEBSTER NAVAL OUTLYING FIELD, MD US","38.14167","-76.42917","6.4","2019-11-22","7.83","0.15","59","46"
"USW00003757","ST INIGOES WEBSTER NAVAL OUTLYING FIELD, MD US","38.14167","-76.42917","6.4","2019-11-23","3.80","0.41","55","32"
"USW00003757","ST INIGOES WEBSTER NAVAL OUTLYING FIELD, MD US","38.14167","-76.42917","6.4","2019-11-24","8.50","0.23","59","37"
"USW00003757","ST INIGOES WEBSTER NAVAL OUTLYING FIELD, MD US","38.14167","-76.42917","6.4","2019-11-25","3.36","0.00","59","33"
"USW00003757","ST INIGOES WEBSTER NAVAL OUTLYING FIELD, MD US","38.14167","-76.42917","6.4","2019-11-26","4.47","0.00","66","39"
"USW00003757","ST INIGOES WEBSTER NAVAL OUTLYING FIELD, MD US","38.14167","-76.42917","6.4","2019-11-27","11.18","0.01","61","50"
"USW00003757","ST INIGOES WEBSTER NAVAL OUTLYING FIELD, MD US","38.14167","-76.42917","6.4","2019-11-28","13.20","0.00","58","47"
"USW00003757","ST INIGOES WEBSTER NAVAL OUTLYING FIELD, MD US","38.14167","-76.42917","6.4","2019-11-29","5.37","0.00","53","43"
"USW00003757","ST INIGOES WEBSTER NAVAL OUTLYING FIELD, MD US","38.14167","-76.42917","6.4","2019-11-30","2.01","0.00","48","42"
"USW00003757","ST INIGOES WEBSTER NAVAL OUTLYING FIELD, MD US","38.14167","-76.42917","6.4","2019-12-01","6.93","0.51","57","43"
"USW00003757","ST INIGOES WEBSTER NAVAL OUTLYING FIELD, MD US","38.14167","-76.42917","6.4","2019-12-02","9.17","0.10","48","43"
"USW00003757","ST INIGOES WEBSTER NAVAL OUTLYING FIELD, MD US","38.14167","-76.42917","6.4","2019-12-03","8.50","0.00","51","37"
"USW00003757","ST INIGOES WEBSTER NAVAL OUTLYING FIELD, MD US","38.14167","-76.42917","6.4","2019-12-04","4.03",,"52","37"
"USW00003757","ST INIGOES WEBSTER NAVAL OUTLYING FIELD, MD US","38.14167","-76.42917","6.4","2019-12-05","8.95","0.00","51","32"
"USW00003757","ST INIGOES WEBSTER NAVAL OUTLYING FIELD, MD US","38.14167","-76.42917","6.4","2019-12-06","5.59","0.00","56","31"
"USW00003757","ST INIGOES WEBSTER NAVAL OUTLYING FIELD, MD US","38.14167","-76.42917","6.4","2019-12-07","4.92","0.00","52","30"
"USW00003757","ST INIGOES WEBSTER NAVAL OUTLYING FIELD, MD US","38.14167","-76.42917","6.4","2019-12-08","3.13","0.04","52","28"
"USW00003757","ST INIGOES WEBSTER NAVAL OUTLYING FIELD, MD US","38.14167","-76.42917","6.4","2019-12-09","7.16","0.55","63","47"
"USW00003757","ST INIGOES WEBSTER NAVAL OUTLYING FIELD, MD US","38.14167","-76.42917","6.4","2019-12-10","9.62","0.32","68","47"
"USW00003757","ST INIGOES WEBSTER NAVAL OUTLYING FIELD, MD US","38.14167","-76.42917","6.4","2019-12-11","6.71","0.30","47","30"
"USW00003757","ST INIGOES WEBSTER NAVAL OUTLYING FIELD, MD US","38.14167","-76.42917","6.4","2019-12-12","3.80","0.00","42","29"
"USW00003757","ST INIGOES WEBSTER NAVAL OUTLYING FIELD, MD US","38.14167","-76.42917","6.4","2019-12-13","3.80","1.31","55","34"
"USW00003757","ST INIGOES WEBSTER NAVAL OUTLYING FIELD, MD US","38.14167","-76.42917","6.4","2019-12-14","6.49","0.10","55","47"
"USW00003757","ST INIGOES WEBSTER NAVAL OUTLYING FIELD, MD US","38.14167","-76.42917","6.4","2019-12-15","9.17","0.00","58","44"
"USW00003757","ST INIGOES WEBSTER NAVAL OUTLYING FIELD, MD US","38.14167","-76.42917","6.4","2019-12-16","6.49","0.08","45","41"
"USW00003757","ST INIGOES WEBSTER NAVAL OUTLYING FIELD, MD US","38.14167","-76.42917","6.4","2019-12-17","3.80","0.49","48","42"
"USW00003757","ST INIGOES WEBSTER NAVAL OUTLYING FIELD, MD US","38.14167","-76.42917","6.4","2019-12-18","10.07","0.00","48","35"
"USW00003757","ST INIGOES WEBSTER NAVAL OUTLYING FIELD, MD US","38.14167","-76.42917","6.4","2019-12-19","6.26","0.00","37","24"
"USW00003757","ST INIGOES WEBSTER NAVAL OUTLYING FIELD, MD US","38.14167","-76.42917","6.4","2019-12-20","3.80","0.00","43","24"
"USW00003757","ST INIGOES WEBSTER NAVAL OUTLYING FIELD, MD US","38.14167","-76.42917","6.4","2019-12-21","0.89","0.00","44","27"
"USW00003757","ST INIGOES WEBSTER NAVAL OUTLYING FIELD, MD US","38.14167","-76.42917","6.4","2019-12-22","1.12","0.00","50","27"
"USW00003757","ST INIGOES WEBSTER NAVAL OUTLYING FIELD, MD US","38.14167","-76.42917","6.4","2019-12-23","0.67","0.00","54","32"
"USW00003757","ST INIGOES WEBSTER NAVAL OUTLYING FIELD, MD US","38.14167","-76.42917","6.4","2019-12-24","2.91",,"55","33"
"USW00003757","ST INIGOES WEBSTER NAVAL OUTLYING FIELD, MD US","38.14167","-76.42917","6.4","2019-12-25","1.34","0.00","54","29"
"USW00003757","ST INIGOES WEBSTER NAVAL OUTLYING FIELD, MD US","38.14167","-76.42917","6.4","2019-12-26","2.24","0.00","57","32"
"USW00003757","ST INIGOES WEBSTER NAVAL OUTLYING FIELD, MD US","38.14167","-76.42917","6.4","2019-12-27","1.12","0.00","61","36"
"USW00003757","ST INIGOES WEBSTER NAVAL OUTLYING FIELD, MD US","38.14167","-76.42917","6.4","2019-12-28","1.34","0.00","65","42"
"USW00003757","ST INIGOES WEBSTER NAVAL OUTLYING FIELD, MD US","38.14167","-76.42917","6.4","2019-12-29","5.82","0.34","61","43"
"USW00003757","ST INIGOES WEBSTER NAVAL OUTLYING FIELD, MD US","38.14167","-76.42917","6.4","2019-12-30","7.83","0.05","74","48"
"USW00003757","ST INIGOES WEBSTER NAVAL OUTLYING FIELD, MD US","38.14167","-76.42917","6.4","2019-12-31","3.80","0.00","56","39"
"USW00003757","ST INIGOES WEBSTER NAVAL OUTLYING FIELD, MD US","38.14167","-76.42917","6.4","2020-01-01","2.46","0.00","53","32"
"USW00003757","ST INIGOES WEBSTER NAVAL OUTLYING FIELD, MD US","38.14167","-76.42917","6.4","2020-01-02","5.59","0.00","60","31"
"USW00003757","ST INIGOES WEBSTER NAVAL OUTLYING FIELD, MD US","38.14167","-76.42917","6.4","2020-01-03","6.26","0.17","59","50"
"USW00003757","ST INIGOES WEBSTER NAVAL OUTLYING FIELD, MD US","38.14167","-76.42917","6.4","2020-01-04","4.92","0.40","63","50"
"USW00003757","ST INIGOES WEBSTER NAVAL OUTLYING FIELD, MD US","38.14167","-76.42917","6.4","2020-01-05","11.18","0.00","50","32"
"USW00003757","ST INIGOES WEBSTER NAVAL OUTLYING FIELD, MD US","38.14167","-76.42917","6.4","2020-01-06","2.91","0.00","56","31"
"USW00003757","ST INIGOES WEBSTER NAVAL OUTLYING FIELD, MD US","38.14167","-76.42917","6.4","2020-01-07","6.71","0.36","52","30"
"USW00003757","ST INIGOES WEBSTER NAVAL OUTLYING FIELD, MD US","38.14167","-76.42917","6.4","2020-01-08","10.74","0.00","52","37"
"USW00003757","ST INIGOES WEBSTER NAVAL OUTLYING FIELD, MD US","38.14167","-76.42917","6.4","2020-01-09","4.92","0.00","43","32"
"USW00003757","ST INIGOES WEBSTER NAVAL OUTLYING FIELD, MD US","38.14167","-76.42917","6.4","2020-01-10","5.14","0.00","63","41"
"USW00003757","ST INIGOES WEBSTER NAVAL OUTLYING FIELD, MD US","38.14167","-76.42917","6.4","2020-01-11","11.18","0.00","73","58"
"USW00003757","ST INIGOES WEBSTER NAVAL OUTLYING FIELD, MD US","38.14167","-76.42917","6.4","2020-01-12","9.17","0.07","72","50"
"USW00003757","ST INIGOES WEBSTER NAVAL OUTLYING FIELD, MD US","38.14167","-76.42917","6.4","2020-01-13","4.03","0.00","57","46"
"USW00003757","ST INIGOES WEBSTER NAVAL OUTLYING FIELD, MD US","38.14167","-76.42917","6.4","2020-01-14","3.80","0.28","53","47"
"USW00003757","ST INIGOES WEBSTER NAVAL OUTLYING FIELD, MD US","38.14167","-76.42917","6.4","2020-01-15","4.70","0.00","56","48"
"USW00003757","ST INIGOES WEBSTER NAVAL OUTLYING FIELD, MD US","38.14167","-76.42917","6.4","2020-01-16","12.30","0.00","62","41"
"USW00003757","ST INIGOES WEBSTER NAVAL OUTLYING FIELD, MD US","38.14167","-76.42917","6.4","2020-01-17","7.38","0.00","43","28"
"USW00003757","ST INIGOES WEBSTER NAVAL OUTLYING FIELD, MD US","38.14167","-76.42917","6.4","2020-01-18","6.93","0.15","46","28"
"USW00003757","ST INIGOES WEBSTER NAVAL OUTLYING FIELD, MD US","38.14167","-76.42917","6.4","2020-01-19","11.63","0.00","54","33"
"USW00003757","ST INIGOES WEBSTER NAVAL OUTLYING FIELD, MD US","38.14167","-76.42917","6.4","2020-01-20","8.50","0.00","39","28"
"USW00003757","ST INIGOES WEBSTER NAVAL OUTLYING FIELD, MD US","38.14167","-76.42917","6.4","2020-01-21","4.25","0.00","39","27"
"USW00003757","ST INIGOES WEBSTER NAVAL OUTLYING FIELD, MD US","38.14167","-76.42917","6.4","2020-01-22","2.68","0.00","43","24"
"USW00003757","ST INIGOES WEBSTER NAVAL OUTLYING FIELD, MD US","38.14167","-76.42917","6.4","2020-01-23","1.57","0.00","49","24"
"USW00003757","ST INIGOES WEBSTER NAVAL OUTLYING FIELD, MD US","38.14167","-76.42917","6.4","2020-01-24","9.17","0.00","58","33"
"USW00003757","ST INIGOES WEBSTER NAVAL OUTLYING FIELD, MD US","38.14167","-76.42917","6.4","2020-01-25","6.26","0.68","61","45"
"USW00003757","ST INIGOES WEBSTER NAVAL OUTLYING FIELD, MD US","38.14167","-76.42917","6.4","2020-01-26","2.68","0.00","54","42"
"USW00003757","ST INIGOES WEBSTER NAVAL OUTLYING FIELD, MD US","38.14167","-76.42917","6.4","2020-01-27","4.47","0.00","54","34"
"USW00003757","ST INIGOES WEBSTER NAVAL OUTLYING FIELD, MD US","38.14167","-76.42917","6.4","2020-01-28","7.38","0.00","50","43"
"USW00003757","ST INIGOES WEBSTER NAVAL OUTLYING FIELD, MD US","38.14167","-76.42917","6.4","2020-01-29","4.70","0.00","48","29"
"USW00003757","ST INIGOES WEBSTER NAVAL OUTLYING FIELD, MD US","38.14167","-76.42917","6.4","2020-01-30","4.03","0.00","46","28"
"USW00003757","ST INIGOES WEBSTER NAVAL OUTLYING FIELD, MD US","38.14167","-76.42917","6.4","2020-01-31","2.24","0.03","51","28"
"USW00003757","ST INIGOES WEBSTER NAVAL OUTLYING FIELD, MD US","38.14167","-76.42917","6.4","2020-02-01","2.68","0.04","54","37"
"USW00003757","ST INIGOES WEBSTER NAVAL OUTLYING FIELD, MD US","38.14167","-76.42917","6.4","2020-02-02","5.14","0.00","56","40"
"USW00003757","ST INIGOES WEBSTER NAVAL OUTLYING FIELD, MD US","38.14167","-76.42917","6.4","2020-02-03","3.13","0.00","66","37"
"USW00003757","ST INIGOES WEBSTER NAVAL OUTLYING FIELD, MD US","38.14167","-76.42917","6.4","2020-02-04","5.14","0.02","69","54"
"USW00003757","ST INIGOES WEBSTER NAVAL OUTLYING FIELD, MD US","38.14167","-76.42917","6.4","2020-02-05","6.49","0.20","64","42"
"USW00003757","ST INIGOES WEBSTER NAVAL OUTLYING FIELD, MD US","38.14167","-76.42917","6.4","2020-02-06","2.24","1.07","54","42"
"USW00003757","ST INIGOES WEBSTER NAVAL OUTLYING FIELD, MD US","38.14167","-76.42917","6.4","2020-02-07","17.00","0.24","65","42"
"USW00003757","ST INIGOES WEBSTER NAVAL OUTLYING FIELD, MD US","38.14167","-76.42917","6.4","2020-02-08","6.26","0.00","47","33"
"USW00003757","ST INIGOES WEBSTER NAVAL OUTLYING FIELD, MD US","38.14167","-76.42917","6.4","2020-02-09","5.37","0.00","51","32"
"USW00003757","ST INIGOES WEBSTER NAVAL OUTLYING FIELD, MD US","38.14167","-76.42917","6.4","2020-02-10","10.29","0.19","59","45"
"USW00003757","ST INIGOES WEBSTER NAVAL OUTLYING FIELD, MD US","38.14167","-76.42917","6.4","2020-02-11","4.03","0.47","62","54"
"USW00003757","ST INIGOES WEBSTER NAVAL OUTLYING FIELD, MD US","38.14167","-76.42917","6.4","2020-02-12","4.92","0.03","55","45"
"USW00003757","ST INIGOES WEBSTER NAVAL OUTLYING FIELD, MD US","38.14167","-76.42917","6.4","2020-02-13","7.38","0.16","63","46"
"USW00003757","ST INIGOES WEBSTER NAVAL OUTLYING FIELD, MD US","38.14167","-76.42917","6.4","2020-02-14","5.59","0.00","48","32"
"USW00003757","ST INIGOES WEBSTER NAVAL OUTLYING FIELD, MD US","38.14167","-76.42917","6.4","2020-02-15","6.49","0.00","39","27"
"USW00003757","ST INIGOES WEBSTER NAVAL OUTLYING FIELD, MD US","38.14167","-76.42917","6.4","2020-02-16","6.49","0.00","52","38"
"USW00003757","ST INIGOES WEBSTER NAVAL OUTLYING FIELD, MD US","38.14167","-76.42917","6.4","2020-02-17","4.25","0.00","57","38"
"USW00003757","ST INIGOES WEBSTER NAVAL OUTLYING FIELD, MD US","38.14167","-76.42917","6.4","2020-02-18","2.91","0.00","61","38"
"USW00003757","ST INIGOES WEBSTER NAVAL OUTLYING FIELD, MD US","38.14167","-76.42917","6.4","2020-02-19","4.92","0.03","56","31"
"USW00003757","ST INIGOES WEBSTER NAVAL OUTLYING FIELD, MD US","38.14167","-76.42917","6.4","2020-02-20","4.70","0.00","42","30"
"USW00003757","ST INIGOES WEBSTER NAVAL OUTLYING FIELD, MD US","38.14167","-76.42917","6.4","2020-02-21","6.93","0.00","40","25"
"USW00003757","ST INIGOES WEBSTER NAVAL OUTLYING FIELD, MD US","38.14167","-76.42917","6.4","2020-02-22","5.82","0.00","55","24"
"USW00003757","ST INIGOES WEBSTER NAVAL OUTLYING FIELD, MD US","38.14167","-76.42917","6.4","2020-02-23","4.03","0.00","59","29"
"USW00003757","ST INIGOES WEBSTER NAVAL OUTLYING FIELD, MD US","38.14167","-76.42917","6.4","2020-02-24","5.59","0.00","56","36"
"USW00003757","ST INIGOES WEBSTER NAVAL OUTLYING FIELD, MD US","38.14167","-76.42917","6.4","2020-02-25","2.01","0.32","57","48"
"USW00003757","ST INIGOES WEBSTER NAVAL OUTLYING FIELD, MD US","38.14167","-76.42917","6.4","2020-02-26","6.04","0.00","55","49"
"USW00003757","ST INIGOES WEBSTER NAVAL OUTLYING FIELD, MD US","38.14167","-76.42917","6.4","2020-02-27","14.09","0.16","54","35"
"USW00003757","ST INIGOES WEBSTER NAVAL OUTLYING FIELD, MD US","38.14167","-76.42917","6.4","2020-02-28","14.32","0.00","52","37"
"USW00003757","ST INIGOES WEBSTER NAVAL OUTLYING FIELD, MD US","38.14167","-76.42917","6.4","2020-02-29","8.50","0.00","44","29"
"USW00003757","ST INIGOES WEBSTER NAVAL OUTLYING FIELD, MD US","38.14167","-76.42917","6.4","2020-03-01","5.82","0.00","50","27"
"USW00003757","ST INIGOES WEBSTER NAVAL OUTLYING FIELD, MD US","38.14167","-76.42917","6.4","2020-03-02","11.41","0.00","68","42"
"USW00003757","ST INIGOES WEBSTER NAVAL OUTLYING FIELD, MD US","38.14167","-76.42917","6.4","2020-03-03","8.50","0.00","67","46"
"USW00003757","ST INIGOES WEBSTER NAVAL OUTLYING FIELD, MD US","38.14167","-76.42917","6.4","2020-03-04","5.59","0.00","64","41"
"USW00003757","ST INIGOES WEBSTER NAVAL OUTLYING FIELD, MD US","38.14167","-76.42917","6.4","2020-03-05","5.14","0.00","56","37"
"USW00003757","ST INIGOES WEBSTER NAVAL OUTLYING FIELD, MD US","38.14167","-76.42917","6.4","2020-03-06","5.59","0.36","50","38"
"USW00003757","ST INIGOES WEBSTER NAVAL OUTLYING FIELD, MD US","38.14167","-76.42917","6.4","2020-03-07","6.26","0.05","55","31"
"USW00003757","ST INIGOES WEBSTER NAVAL OUTLYING FIELD, MD US","38.14167","-76.42917","6.4","2020-03-08","4.25","0.00","59","28"
"USW00003757","ST INIGOES WEBSTER NAVAL OUTLYING FIELD, MD US","38.14167","-76.42917","6.4","2020-03-09","8.50","0.00","72","47"
"USW00003757","ST INIGOES WEBSTER NAVAL OUTLYING FIELD, MD US","38.14167","-76.42917","6.4","2020-03-10","12.97","0.00","72","59"
"USW00003757","ST INIGOES WEBSTER NAVAL OUTLYING FIELD, MD US","38.14167","-76.42917","6.4","2020-03-11","3.36","0.00","66","46"
"USW00003757","ST INIGOES WEBSTER NAVAL OUTLYING FIELD, MD US","38.14167","-76.42917","6.4","2020-03-12","5.59","0.00","59","45"
"USW00003757","ST INIGOES WEBSTER NAVAL OUTLYING FIELD, MD US","38.14167","-76.42917","6.4","2020-03-13","8.05","0.18","81","52"
"USW00003757","ST INIGOES WEBSTER NAVAL OUTLYING FIELD, MD US","38.14167","-76.42917","6.4","2020-03-14","5.82","0.00","61","49"
"USW00003757","ST INIGOES WEBSTER NAVAL OUTLYING FIELD, MD US","38.14167","-76.42917","6.4","2020-03-15","5.14","0.01","53","36"
"USW00003757","ST INIGOES WEBSTER NAVAL OUTLYING FIELD, MD US","38.14167","-76.42917","6.4","2020-03-16","6.71","0.00","56","34"
"USW00003757","ST INIGOES WEBSTER NAVAL OUTLYING FIELD, MD US","38.14167","-76.42917","6.4","2020-03-17","2.46","0.00","66","43"
"USW00003757","ST INIGOES WEBSTER NAVAL OUTLYING FIELD, MD US","38.14167","-76.42917","6.4","2020-03-18","6.71","0.01","57","49"
"USW00003757","ST INIGOES WEBSTER NAVAL OUTLYING FIELD, MD US","38.14167","-76.42917","6.4","2020-03-19","6.71","0.26","78","51"
"USW00003757","ST INIGOES WEBSTER NAVAL OUTLYING FIELD, MD US","38.14167","-76.42917","6.4","2020-03-20","12.30","0.00","86","62"
"USW00003757","ST INIGOES WEBSTER NAVAL OUTLYING FIELD, MD US","38.14167","-76.42917","6.4","2020-03-21","5.82","0.25","73","50"
"USW00003757","ST INIGOES WEBSTER NAVAL OUTLYING FIELD, MD US","38.14167","-76.42917","6.4","2020-03-22","8.50","0.03","56","41"
"USW00003757","ST INIGOES WEBSTER NAVAL OUTLYING FIELD, MD US","38.14167","-76.42917","6.4","2020-03-23","9.17","0.61","50","44"
"USW00003757","ST INIGOES WEBSTER NAVAL OUTLYING FIELD, MD US","38.14167","-76.42917","6.4","2020-03-24","5.37","0.00","57","47"
"USW00003757","ST INIGOES WEBSTER NAVAL OUTLYING FIELD, MD US","38.14167","-76.42917","6.4","2020-03-25","8.50","0.67","52","45"
"USW00003757","ST INIGOES WEBSTER NAVAL OUTLYING FIELD, MD US","38.14167","-76.42917","6.4","2020-03-26","5.59","0.00","59","41"
"USW00003757","ST INIGOES WEBSTER NAVAL OUTLYING FIELD, MD US","38.14167","-76.42917","6.4","2020-03-27","5.59","0.07","70","54"
"USW00003757","ST INIGOES WEBSTER NAVAL OUTLYING FIELD, MD US","38.14167","-76.42917","6.4","2020-03-28","6.71","0.18","64","55"
"USW00003757","ST INIGOES WEBSTER NAVAL OUTLYING FIELD, MD US","38.14167","-76.42917","6.4","2020-03-29","4.25","0.00","69","53"
"USW00003757","ST INIGOES WEBSTER NAVAL OUTLYING FIELD, MD US","38.14167","-76.42917","6.4","2020-03-30","6.49","0.00","75","53"
"USW00003757","ST INIGOES WEBSTER NAVAL OUTLYING FIELD, MD US","38.14167","-76.42917","6.4","2020-03-31","7.61","0.19","58","44"
"USW00003757","ST INIGOES WEBSTER NAVAL OUTLYING FIELD, MD US","38.14167","-76.42917","6.4","2020-04-01","7.16","0.01","57","44"
"USW00003757","ST INIGOES WEBSTER NAVAL OUTLYING FIELD, MD US","38.14167","-76.42917","6.4","2020-04-02","11.41","0.00","65","46"
"USW00003757","ST INIGOES WEBSTER NAVAL OUTLYING FIELD, MD US","38.14167","-76.42917","6.4","2020-04-03","11.41","0.00","69","51"
"USW00003757","ST INIGOES WEBSTER NAVAL OUTLYING FIELD, MD US","38.14167","-76.42917","6.4","2020-04-04","4.92","0.00","64","51"
"USW00003757","ST INIGOES WEBSTER NAVAL OUTLYING FIELD, MD US","38.14167","-76.42917","6.4","2020-04-05","6.71","0.00","68","50"
"USW00003757","ST INIGOES WEBSTER NAVAL OUTLYING FIELD, MD US","38.14167","-76.42917","6.4","2020-04-06","3.58","0.00","71","49"
"USW00003757","ST INIGOES WEBSTER NAVAL OUTLYING FIELD, MD US","38.14167","-76.42917","6.4","2020-04-07","3.36","0.28","80","45"
"USW00003757","ST INIGOES WEBSTER NAVAL OUTLYING FIELD, MD US","38.14167","-76.42917","6.4","2020-04-08","5.59","0.03","81","52"
"USW00003757","ST INIGOES WEBSTER NAVAL OUTLYING FIELD, MD US","38.14167","-76.42917","6.4","2020-04-09","12.30","0.00","81","52"
"USW00003757","ST INIGOES WEBSTER NAVAL OUTLYING FIELD, MD US","38.14167","-76.42917","6.4","2020-04-10","17.00","0.00","57","47"
"USW00003757","ST INIGOES WEBSTER NAVAL OUTLYING FIELD, MD US","38.14167","-76.42917","6.4","2020-04-11","8.05","0.00","64","43"
"USW00003757","ST INIGOES WEBSTER NAVAL OUTLYING FIELD, MD US","38.14167","-76.42917","6.4","2020-04-12","8.50","0.05","75","48"
"USW00003757","ST INIGOES WEBSTER NAVAL OUTLYING FIELD, MD US","38.14167","-76.42917","6.4","2020-04-13","14.32","0.79","84","62"
"USW00003757","ST INIGOES WEBSTER NAVAL OUTLYING FIELD, MD US","38.14167","-76.42917","6.4","2020-04-14","5.82","0.00","62","47"
"USW00003757","ST INIGOES WEBSTER NAVAL OUTLYING FIELD, MD US","38.14167","-76.42917","6.4","2020-04-15","7.61","0.19","57","39"
"USW00003757","ST INIGOES WEBSTER NAVAL OUTLYING FIELD, MD US","38.14167","-76.42917","6.4","2020-04-16","7.61","0.00","61","38"
"USW00003757","ST INIGOES WEBSTER NAVAL OUTLYING FIELD, MD US","38.14167","-76.42917","6.4","2020-04-17","8.05","0.00","66","36"
"USW00003757","ST INIGOES WEBSTER NAVAL OUTLYING FIELD, MD US","38.14167","-76.42917","6.4","2020-04-18","7.83","0.14","65","38"
"USW00003757","ST INIGOES WEBSTER NAVAL OUTLYING FIELD, MD US","38.14167","-76.42917","6.4","2020-04-19","5.59","0.00","69","34"
"USW00003757","ST INIGOES WEBSTER NAVAL OUTLYING FIELD, MD US","38.14167","-76.42917","6.4","2020-04-20","4.47","0.24","60","50"
"USW00003757","ST INIGOES WEBSTER NAVAL OUTLYING FIELD, MD US","38.14167","-76.42917","6.4","2020-04-21","11.41","0.01","76","51"
"USW00003757","ST INIGOES WEBSTER NAVAL OUTLYING FIELD, MD US","38.14167","-76.42917","6.4","2020-04-22","5.82","0.00","66","35"
"USW00003757","ST INIGOES WEBSTER NAVAL OUTLYING FIELD, MD US","38.14167","-76.42917","6.4","2020-04-23","6.26","0.16","68","47"
"USW00003757","ST INIGOES WEBSTER NAVAL OUTLYING FIELD, MD US","38.14167","-76.42917","6.4","2020-04-24","6.04","0.38","69","55"
"USW00003757","ST INIGOES WEBSTER NAVAL OUTLYING FIELD, MD US","38.14167","-76.42917","6.4","2020-04-25","6.04","0.12","65","54"
"USW00003757","ST INIGOES WEBSTER NAVAL OUTLYING FIELD, MD US","38.14167","-76.42917","6.4","2020-04-26","4.92","0.31","65","55"
"USW00003757","ST INIGOES WEBSTER NAVAL OUTLYING FIELD, MD US","38.14167","-76.42917","6.4","2020-04-27","7.38","0.02","61","44"
"USW00003757","ST INIGOES WEBSTER NAVAL OUTLYING FIELD, MD US","38.14167","-76.42917","6.4","2020-04-28","4.70","0.00","61","41"
"USW00003757","ST INIGOES WEBSTER NAVAL OUTLYING FIELD, MD US","38.14167","-76.42917","6.4","2020-04-29","8.28","0.00","79","57"
"USW00003757","ST INIGOES WEBSTER NAVAL OUTLYING FIELD, MD US","38.14167","-76.42917","6.4","2020-04-30","10.07","0.98","70","59"
"USW00003757","ST INIGOES WEBSTER NAVAL OUTLYING FIELD, MD US","38.14167","-76.42917","6.4","2020-05-01","7.16","0.26","69","55"
"USW00003757","ST INIGOES WEBSTER NAVAL OUTLYING FIELD, MD US","38.14167","-76.42917","6.4","2020-05-02","7.83","0.00","71","53"
"USW00003757","ST INIGOES WEBSTER NAVAL OUTLYING FIELD, MD US","38.14167","-76.42917","6.4","2020-05-03","4.92","0.08","83","62"
"USW00003757","ST INIGOES WEBSTER NAVAL OUTLYING FIELD, MD US","38.14167","-76.42917","6.4","2020-05-04","8.72","0.13","80","61"
"USW00003757","ST INIGOES WEBSTER NAVAL OUTLYING FIELD, MD US","38.14167","-76.42917","6.4","2020-05-05","3.58","0.03","63","53"
"USW00003757","ST INIGOES WEBSTER NAVAL OUTLYING FIELD, MD US","38.14167","-76.42917","6.4","2020-05-06","4.92","0.10","64","50"
"USW00003757","ST INIGOES WEBSTER NAVAL OUTLYING FIELD, MD US","38.14167","-76.42917","6.4","2020-05-07","7.16","0.02","69","46"
"USW00003757","ST INIGOES WEBSTER NAVAL OUTLYING FIELD, MD US","38.14167","-76.42917","6.4","2020-05-08","12.53","0.14","74","43"
"USW00003757","ST INIGOES WEBSTER NAVAL OUTLYING FIELD, MD US","38.14167","-76.42917","6.4","2020-05-09","12.08","0.00","59","39"
"USW00003757","ST INIGOES WEBSTER NAVAL OUTLYING FIELD, MD US","38.14167","-76.42917","6.4","2020-05-10","7.38","0.00","68","36"
"USW00003757","ST INIGOES WEBSTER NAVAL OUTLYING FIELD, MD US","38.14167","-76.42917","6.4","2020-05-11","11.63","0.00","68","50"
"USW00003757","ST INIGOES WEBSTER NAVAL OUTLYING FIELD, MD US","38.14167","-76.42917","6.4","2020-05-12","7.83",,"65","45"
"USW00003757","ST INIGOES WEBSTER NAVAL OUTLYING FIELD, MD US","38.14167","-76.42917","6.4","2020-05-13","5.37","0.00","69","41"
"USW00003757","ST INIGOES WEBSTER NAVAL OUTLYING FIELD, MD US","38.14167","-76.42917","6.4","2020-05-14","6.04","0.00","78","51"
"USW00003757","ST INIGOES WEBSTER NAVAL OUTLYING FIELD, MD US","38.14167","-76.42917","6.4","2020-05-15","11.63","0.00","88","68"
"USW00003757","ST INIGOES WEBSTER NAVAL OUTLYING FIELD, MD US","38.14167","-76.42917","6.4","2020-05-16","7.83","0.00","84","64"
"USW00003757","ST INIGOES WEBSTER NAVAL OUTLYING FIELD, MD US","38.14167","-76.42917","6.4","2020-05-17","8.50","0.00","75","62"
"USW00003757","ST INIGOES WEBSTER NAVAL OUTLYING FIELD, MD US","38.14167","-76.42917","6.4","2020-05-18","10.07","0.02","67","60"
"USW00003757","ST INIGOES WEBSTER NAVAL OUTLYING FIELD, MD US","38.14167","-76.42917","6.4","2020-05-19","13.65","0.00","70","58"
"USW00003757","ST INIGOES WEBSTER NAVAL OUTLYING FIELD, MD US","38.14167","-76.42917","6.4","2020-05-20","14.99","0.00","63","55"
"USW00003757","ST INIGOES WEBSTER NAVAL OUTLYING FIELD, MD US","38.14167","-76.42917","6.4","2020-05-21","9.84","0.00","74","55"
"USW00003757","ST INIGOES WEBSTER NAVAL OUTLYING FIELD, MD US","38.14167","-76.42917","6.4","2020-05-22","6.71","0.70","78","64"
"USW00003757","ST INIGOES WEBSTER NAVAL OUTLYING FIELD, MD US","38.14167","-76.42917","6.4","2020-05-23","2.91","0.00","83","67"
"USW00003757","ST INIGOES WEBSTER NAVAL OUTLYING FIELD, MD US","38.14167","-76.42917","6.4","2020-05-24","7.38","0.00","72","61"
"USW00003757","ST INIGOES WEBSTER NAVAL OUTLYING FIELD, MD US","38.14167","-76.42917","6.4","2020-05-25","3.13","0.00","76","62"
"USW00003757","ST INIGOES WEBSTER NAVAL OUTLYING FIELD, MD US","38.14167","-76.42917","6.4","2020-05-26","3.58","0.00","77","61"
"USW00003757","ST INIGOES WEBSTER NAVAL OUTLYING FIELD, MD US","38.14167","-76.42917","6.4","2020-05-27","6.71","0.01","83","65"
"USW00003757","ST INIGOES WEBSTER NAVAL OUTLYING FIELD, MD US","38.14167","-76.42917","6.4","2020-05-28","8.50","0.46","83","73"
"USW00003757","ST INIGOES WEBSTER NAVAL OUTLYING FIELD, MD US","38.14167","-76.42917","6.4","2020-05-29","7.38","0.02","87","75"
"USW00003757","ST INIGOES WEBSTER NAVAL OUTLYING FIELD, MD US","38.14167","-76.42917","6.4","2020-05-30","4.70","0.00","86","65"
"USW00003757","ST INIGOES WEBSTER NAVAL OUTLYING FIELD, MD US","38.14167","-76.42917","6.4","2020-05-31","4.25","0.00","77","58"
"USW00003757","ST INIGOES WEBSTER NAVAL OUTLYING FIELD, MD US","38.14167","-76.42917","6.4","2020-06-01","7.38","0.00","75","59"
"USW00003757","ST INIGOES WEBSTER NAVAL OUTLYING FIELD, MD US","38.14167","-76.42917","6.4","2020-06-02","6.93","0.00","81","64"
"USW00003757","ST INIGOES WEBSTER NAVAL OUTLYING FIELD, MD US","38.14167","-76.42917","6.4","2020-06-03","6.93","0.00","94","69"
"USW00003757","ST INIGOES WEBSTER NAVAL OUTLYING FIELD, MD US","38.14167","-76.42917","6.4","2020-06-04","5.59","0.00","94","71"
"USW00003757","ST INIGOES WEBSTER NAVAL OUTLYING FIELD, MD US","38.14167","-76.42917","6.4","2020-06-05","7.83","0.04","90","75"
"USW00003757","ST INIGOES WEBSTER NAVAL OUTLYING FIELD, MD US","38.14167","-76.42917","6.4","2020-06-06","7.16","0.17","93","74"
"USW00003757","ST INIGOES WEBSTER NAVAL OUTLYING FIELD, MD US","38.14167","-76.42917","6.4","2020-06-07","3.58","0.00","83","63"
"USW00003757","ST INIGOES WEBSTER NAVAL OUTLYING FIELD, MD US","38.14167","-76.42917","6.4","2020-06-08","3.13","0.00","82","60"
"USW00003757","ST INIGOES WEBSTER NAVAL OUTLYING FIELD, MD US","38.14167","-76.42917","6.4","2020-06-09","5.82","0.00","89","65"
"USW00003757","ST INIGOES WEBSTER NAVAL OUTLYING FIELD, MD US","38.14167","-76.42917","6.4","2020-06-10","9.17","0.00","91","77"
"USW00003757","ST INIGOES WEBSTER NAVAL OUTLYING FIELD, MD US","38.14167","-76.42917","6.4","2020-06-11","8.95","0.43","88","73"
"USW00003757","ST INIGOES WEBSTER NAVAL OUTLYING FIELD, MD US","38.14167","-76.42917","6.4","2020-06-12","2.91","0.00","87","69"
"USW00003757","ST INIGOES WEBSTER NAVAL OUTLYING FIELD, MD US","38.14167","-76.42917","6.4","2020-06-13","5.37","0.00","81","64"
"USW00003757","ST INIGOES WEBSTER NAVAL OUTLYING FIELD, MD US","38.14167","-76.42917","6.4","2020-06-14","7.61","0.00","80","60"
"USW00003757","ST INIGOES WEBSTER NAVAL OUTLYING FIELD, MD US","38.14167","-76.42917","6.4","2020-06-15","10.51","0.00","75","65"
"USW00003757","ST INIGOES WEBSTER NAVAL OUTLYING FIELD, MD US","38.14167","-76.42917","6.4","2020-06-16","12.30","0.03","76","64"
"USW00003757","ST INIGOES WEBSTER NAVAL OUTLYING FIELD, MD US","38.14167","-76.42917","6.4","2020-06-17","12.53","0.85","70","64"
"USW00003757","ST INIGOES WEBSTER NAVAL OUTLYING FIELD, MD US","38.14167","-76.42917","6.4","2020-06-18","6.93","0.00","82","69"
"USW00003757","ST INIGOES WEBSTER NAVAL OUTLYING FIELD, MD US","38.14167","-76.42917","6.4","2020-06-19","4.03","0.10","85","67"
"USW00003757","ST INIGOES WEBSTER NAVAL OUTLYING FIELD, MD US","38.14167","-76.42917","6.4","2020-06-20","3.58","0.09","84","67"
"USW00003757","ST INIGOES WEBSTER NAVAL OUTLYING FIELD, MD US","38.14167","-76.42917","6.4","2020-06-21","3.58","0.00","86","70"
"USW00003757","ST INIGOES WEBSTER NAVAL OUTLYING FIELD, MD US","38.14167","-76.42917","6.4","2020-06-22","5.14","0.10","91","71"
"USW00003757","ST INIGOES WEBSTER NAVAL OUTLYING FIELD, MD US","38.14167","-76.42917","6.4","2020-06-23","6.26","0.00","94","71"
"USW00003757","ST INIGOES WEBSTER NAVAL OUTLYING FIELD, MD US","38.14167","-76.42917","6.4","2020-06-24","6.49","0.00","89","75"
"USW00003757","ST INIGOES WEBSTER NAVAL OUTLYING FIELD, MD US","38.14167","-76.42917","6.4","2020-06-25","2.91","0.11","84","69"
"USW00003757","ST INIGOES WEBSTER NAVAL OUTLYING FIELD, MD US","38.14167","-76.42917","6.4","2020-06-26","6.93","0.00","91","67"
"USW00003757","ST INIGOES WEBSTER NAVAL OUTLYING FIELD, MD US","38.14167","-76.42917","6.4","2020-06-27","7.61","0.00","96","79"
"USW00003757","ST INIGOES WEBSTER NAVAL OUTLYING FIELD, MD US","38.14167","-76.42917","6.4","2020-06-28","6.04","0.00","94","80"
"USW00003757","ST INIGOES WEBSTER NAVAL OUTLYING FIELD, MD US","38.14167","-76.42917","6.4","2020-06-29","3.80","0.00","93","73"
"USW00003757","ST INIGOES WEBSTER NAVAL OUTLYING FIELD, MD US","38.14167","-76.42917","6.4","2020-06-30","3.80","0.00","92","73"
"USW00003757","ST INIGOES WEBSTER NAVAL OUTLYING FIELD, MD US","38.14167","-76.42917","6.4","2020-07-01","3.36","0.19","85","73"
"USW00003757","ST INIGOES WEBSTER NAVAL OUTLYING FIELD, MD US","38.14167","-76.42917","6.4","2020-07-02","2.46","0.00","92","71"
"USW00003757","ST INIGOES WEBSTER NAVAL OUTLYING FIELD, MD US","38.14167","-76.42917","6.4","2020-07-03","4.25","0.00","96","74"
"USW00003757","ST INIGOES WEBSTER NAVAL OUTLYING FIELD, MD US","38.14167","-76.42917","6.4","2020-07-04","4.70","0.00","91","75"
"USW00003757","ST INIGOES WEBSTER NAVAL OUTLYING FIELD, MD US","38.14167","-76.42917","6.4","2020-07-05","6.71","0.00","91","74"
"USW00003757","ST INIGOES WEBSTER NAVAL OUTLYING FIELD, MD US","38.14167","-76.42917","6.4","2020-07-06","7.61","1.13","96","72"
"USW00003757","ST INIGOES WEBSTER NAVAL OUTLYING FIELD, MD US","38.14167","-76.42917","6.4","2020-07-07","6.71","0.79","90","72"
"USW00003757","ST INIGOES WEBSTER NAVAL OUTLYING FIELD, MD US","38.14167","-76.42917","6.4","2020-07-08","5.59","0.00","89","75"
"USW00003757","ST INIGOES WEBSTER NAVAL OUTLYING FIELD, MD US","38.14167","-76.42917","6.4","2020-07-09","7.83","0.00","91","75"
"USW00003757","ST INIGOES WEBSTER NAVAL OUTLYING FIELD, MD US","38.14167","-76.42917","6.4","2020-07-10","6.26","0.00","91","79"
"USW00003757","ST INIGOES WEBSTER NAVAL OUTLYING FIELD, MD US","38.14167","-76.42917","6.4","2020-07-11","6.04","0.00","93","75"
"USW00003757","ST INIGOES WEBSTER NAVAL OUTLYING FIELD, MD US","38.14167","-76.42917","6.4","2020-07-12","4.03","0.00","93","71"
"USW00003757","ST INIGOES WEBSTER NAVAL OUTLYING FIELD, MD US","38.14167","-76.42917","6.4","2020-07-13","2.91","0.00","90","75"
"USW00003757","ST INIGOES WEBSTER NAVAL OUTLYING FIELD, MD US","38.14167","-76.42917","6.4","2020-07-14","3.58","0.45","90","72"
"USW00003757","ST INIGOES WEBSTER NAVAL OUTLYING FIELD, MD US","38.14167","-76.42917","6.4","2020-07-15","4.03","0.00","92","72"
"USW00003757","ST INIGOES WEBSTER NAVAL OUTLYING FIELD, MD US","38.14167","-76.42917","6.4","2020-07-16","8.28","0.00","86","76"
"USW00003757","ST INIGOES WEBSTER NAVAL OUTLYING FIELD, MD US","38.14167","-76.42917","6.4","2020-07-17","7.61","0.00","95","79"
"USW00003757","ST INIGOES WEBSTER NAVAL OUTLYING FIELD, MD US","38.14167","-76.42917","6.4","2020-07-18","3.13","0.00","97","78"
"USW00003757","ST INIGOES WEBSTER NAVAL OUTLYING FIELD, MD US","38.14167","-76.42917","6.4","2020-07-19","3.13","0.00","100","78"
"USW00003757","ST INIGOES WEBSTER NAVAL OUTLYING FIELD, MD US","38.14167","-76.42917","6.4","2020-07-20","5.59","0.00","98","82"
"USW00003757","ST INIGOES WEBSTER NAVAL OUTLYING FIELD, MD US","38.14167","-76.42917","6.4","2020-07-21","4.70","0.61","99","76"
"USW00003757","ST INIGOES WEBSTER NAVAL OUTLYING FIELD, MD US","38.14167","-76.42917","6.4","2020-07-22","5.59","0.18","93","76"
"USW00003757","ST INIGOES WEBSTER NAVAL OUTLYING FIELD, MD US","38.14167","-76.42917","6.4","2020-07-23","7.61","0.07","94","78"
"USW00003757","ST INIGOES WEBSTER NAVAL OUTLYING FIELD, MD US","38.14167","-76.42917","6.4","2020-07-24","5.59","0.04","91","76"
"USW00003757","ST INIGOES WEBSTER NAVAL OUTLYING FIELD, MD US","38.14167","-76.42917","6.4","2020-07-25","3.58","0.00","93","75"
"USW00003757","ST INIGOES WEBSTER NAVAL OUTLYING FIELD, MD US","38.14167","-76.42917","6.4","2020-07-26","5.59","0.00","95","78"
"USW00003757","ST INIGOES WEBSTER NAVAL OUTLYING FIELD, MD US","38.14167","-76.42917","6.4","2020-07-27","6.49","0.00","96","82"
"USW00003757","ST INIGOES WEBSTER NAVAL OUTLYING FIELD, MD US","38.14167","-76.42917","6.4","2020-07-28","5.82","0.39","99","79"
"USW00003757","ST INIGOES WEBSTER NAVAL OUTLYING FIELD, MD US","38.14167","-76.42917","6.4","2020-07-29","5.14","0.00","93","79"
"USW00003757","ST INIGOES WEBSTER NAVAL OUTLYING FIELD, MD US","38.14167","-76.42917","6.4","2020-07-30","6.49","0.89","94","76"
"USW00003757","ST INIGOES WEBSTER NAVAL OUTLYING FIELD, MD US","38.14167","-76.42917","6.4","2020-07-31","2.24","0.14","85","77"
"USW00003757","ST INIGOES WEBSTER NAVAL OUTLYING FIELD, MD US","38.14167","-76.42917","6.4","2020-08-01","4.70","0.00","90","77"
"USW00003757","ST INIGOES WEBSTER NAVAL OUTLYING FIELD, MD US","38.14167","-76.42917","6.4","2020-08-02","8.05","0.00","95","80"
"USW00003757","ST INIGOES WEBSTER NAVAL OUTLYING FIELD, MD US","38.14167","-76.42917","6.4","2020-08-03","5.59","0.32","92","75"
"USW00003757","ST INIGOES WEBSTER NAVAL OUTLYING FIELD, MD US","38.14167","-76.42917","6.4","2020-08-04","11.63","4.00","89","73"
"USW00003757","ST INIGOES WEBSTER NAVAL OUTLYING FIELD, MD US","38.14167","-76.42917","6.4","2020-08-05","3.80","0.00","91","78"
"USW00003757","ST INIGOES WEBSTER NAVAL OUTLYING FIELD, MD US","38.14167","-76.42917","6.4","2020-08-06","3.13","0.43","88","75"
"USW00003757","ST INIGOES WEBSTER NAVAL OUTLYING FIELD, MD US","38.14167","-76.42917","6.4","2020-08-07","3.58","0.05","88","74"
"USW00003757","ST INIGOES WEBSTER NAVAL OUTLYING FIELD, MD US","38.14167","-76.42917","6.4","2020-08-08","2.46","0.01","88","74"
"USW00003757","ST INIGOES WEBSTER NAVAL OUTLYING FIELD, MD US","38.14167","-76.42917","6.4","2020-08-09","4.92","0.00","90","74"
"USW00003757","ST INIGOES WEBSTER NAVAL OUTLYING FIELD, MD US","38.14167","-76.42917","6.4","2020-08-10","4.92","0.00","91","78"
"USW00003757","ST INIGOES WEBSTER NAVAL OUTLYING FIELD, MD US","38.14167","-76.42917","6.4","2020-08-11","6.71","0.00","92","79"
"USW00003757","ST INIGOES WEBSTER NAVAL OUTLYING FIELD, MD US","38.14167","-76.42917","6.4","2020-08-12","3.80","0.00","92","79"
"USW00003757","ST INIGOES WEBSTER NAVAL OUTLYING FIELD, MD US","38.14167","-76.42917","6.4","2020-08-13","4.70","0.00","89","78"
"USW00003757","ST INIGOES WEBSTER NAVAL OUTLYING FIELD, MD US","38.14167","-76.42917","6.4","2020-08-14","6.93",,"87","77"
"USW00003757","ST INIGOES WEBSTER NAVAL OUTLYING FIELD, MD US","38.14167","-76.42917","6.4","2020-08-15","8.05","0.01","81","77"
"USW00003757","ST INIGOES WEBSTER NAVAL OUTLYING FIELD, MD US","38.14167","-76.42917","6.4","2020-08-16","5.82","0.40","78","72"
"USW00003757","ST INIGOES WEBSTER NAVAL OUTLYING FIELD, MD US","38.14167","-76.42917","6.4","2020-08-17","3.58","0.10","85","69"
"USW00003757","ST INIGOES WEBSTER NAVAL OUTLYING FIELD, MD US","38.14167","-76.42917","6.4","2020-08-18","4.47","0.01","87","71"
"USW00003757","ST INIGOES WEBSTER NAVAL OUTLYING FIELD, MD US","38.14167","-76.42917","6.4","2020-08-19","2.91","0.00","83","69"
"USW00003757","ST INIGOES WEBSTER NAVAL OUTLYING FIELD, MD US","38.14167","-76.42917","6.4","2020-08-20","4.03","0.00","86","68"
"USW00003757","ST INIGOES WEBSTER NAVAL OUTLYING FIELD, MD US","38.14167","-76.42917","6.4","2020-08-21","3.13","0.01","86","69"
"USW00003757","ST INIGOES WEBSTER NAVAL OUTLYING FIELD, MD US","38.14167","-76.42917","6.4","2020-08-22","3.80","0.04","84","76"
"USW00003757","ST INIGOES WEBSTER NAVAL OUTLYING FIELD, MD US","38.14167","-76.42917","6.4","2020-08-23","5.82","0.00","91","74"
"USW00003757","ST INIGOES WEBSTER NAVAL OUTLYING FIELD, MD US","38.14167","-76.42917","6.4","2020-08-24","8.50","0.00","89","79"
"USW00003757","ST INIGOES WEBSTER NAVAL OUTLYING FIELD, MD US","38.14167","-76.42917","6.4","2020-08-25","8.50","0.00","92","76"
"USW00003757","ST INIGOES WEBSTER NAVAL OUTLYING FIELD, MD US","38.14167","-76.42917","6.4","2020-08-26","6.49","0.00","87","75"
"USW00003757","ST INIGOES WEBSTER NAVAL OUTLYING FIELD, MD US","38.14167","-76.42917","6.4","2020-08-27","8.95","0.00","94","77"
"USW00003757","ST INIGOES WEBSTER NAVAL OUTLYING FIELD, MD US","38.14167","-76.42917","6.4","2020-08-28","6.26","0.00","94","75"
"USW00003757","ST INIGOES WEBSTER NAVAL OUTLYING FIELD, MD US","38.14167","-76.42917","6.4","2020-08-29","9.17","3.15","88","75"
"USW00003757","ST INIGOES WEBSTER NAVAL OUTLYING FIELD, MD US","38.14167","-76.42917","6.4","2020-08-30","4.47","0.00","84","67"
"USW00003757","ST INIGOES WEBSTER NAVAL OUTLYING FIELD, MD US","38.14167","-76.42917","6.4","2020-08-31","4.47","0.08","84","68"
"USW00003757","ST INIGOES WEBSTER NAVAL OUTLYING FIELD, MD US","38.14167","-76.42917","6.4","2020-09-01","5.82","0.00","86","76"
"USW00003757","ST INIGOES WEBSTER NAVAL OUTLYING FIELD, MD US","38.14167","-76.42917","6.4","2020-09-02","6.04","0.00","92","77"
"USW00003757","ST INIGOES WEBSTER NAVAL OUTLYING FIELD, MD US","38.14167","-76.42917","6.4","2020-09-03","6.26","0.00","93","78"
"USW00003757","ST INIGOES WEBSTER NAVAL OUTLYING FIELD, MD US","38.14167","-76.42917","6.4","2020-09-04","5.14","0.03","93","77"
"USW00003757","ST INIGOES WEBSTER NAVAL OUTLYING FIELD, MD US","38.14167","-76.42917","6.4","2020-09-05","2.91","0.00","84","62"
"USW00003757","ST INIGOES WEBSTER NAVAL OUTLYING FIELD, MD US","38.14167","-76.42917","6.4","2020-09-06","2.46","0.00","84","61"
"USW00003757","ST INIGOES WEBSTER NAVAL OUTLYING FIELD, MD US","38.14167","-76.42917","6.4","2020-09-07","2.24","0.00","84","62"
"USW00003757","ST INIGOES WEBSTER NAVAL OUTLYING FIELD, MD US","38.14167","-76.42917","6.4","2020-09-08","4.25","0.00","88","67"
"USW00003757","ST INIGOES WEBSTER NAVAL OUTLYING FIELD, MD US","38.14167","-76.42917","6.4","2020-09-09","5.37","0.36","84","77"
"USW00003757","ST INIGOES WEBSTER NAVAL OUTLYING FIELD, MD US","38.14167","-76.42917","6.4","2020-09-10","4.70","1.56","87","78"
"USW00003757","ST INIGOES WEBSTER NAVAL OUTLYING FIELD, MD US","38.14167","-76.42917","6.4","2020-09-11","4.92","0.01","87","73"
"USW00003757","ST INIGOES WEBSTER NAVAL OUTLYING FIELD, MD US","38.14167","-76.42917","6.4","2020-09-12","7.83","0.00","81","69"
"USW00003757","ST INIGOES WEBSTER NAVAL OUTLYING FIELD, MD US","38.14167","-76.42917","6.4","2020-09-13","3.80","0.00","85","69"
"USW00003757","ST INIGOES WEBSTER NAVAL OUTLYING FIELD, MD US","38.14167","-76.42917","6.4","2020-09-14","4.92","0.00","80","68"
"USW00003757","ST INIGOES WEBSTER NAVAL OUTLYING FIELD, MD US","38.14167","-76.42917","6.4","2020-09-15","5.14","0.00","73","58"
"USW00003757","ST INIGOES WEBSTER NAVAL OUTLYING FIELD, MD US","38.14167","-76.42917","6.4","2020-09-16","1.79","0.00","77","53"
"USW00003757","ST INIGOES WEBSTER NAVAL OUTLYING FIELD, MD US","38.14167","-76.42917","6.4","2020-09-17","2.46","0.66","76","67"
"USW00003757","ST INIGOES WEBSTER NAVAL OUTLYING FIELD, MD US","38.14167","-76.42917","6.4","2020-09-18","6.93","0.41","76","65"
"USW00003757","ST INIGOES WEBSTER NAVAL OUTLYING FIELD, MD US","38.14167","-76.42917","6.4","2020-09-19","6.71","0.00","66","52"
"USW00003757","ST INIGOES WEBSTER NAVAL OUTLYING FIELD, MD US","38.14167","-76.42917","6.4","2020-09-20","7.61","0.00","73","49"
"USW00003757","ST INIGOES WEBSTER NAVAL OUTLYING FIELD, MD US","38.14167","-76.42917","6.4","2020-09-21","6.04","0.00","71","49"
"USW00003757","ST INIGOES WEBSTER NAVAL OUTLYING FIELD, MD US","38.14167","-76.42917","6.4","2020-09-22","4.92","0.00","71","46"
"USW00003757","ST INIGOES WEBSTER NAVAL OUTLYING FIELD, MD US","38.14167","-76.42917","6.4","2020-09-23","4.92","0.00","80","54"
"USW00003757","ST INIGOES WEBSTER NAVAL OUTLYING FIELD, MD US","38.14167","-76.42917","6.4","2020-09-24","4.47","0.00","71","61"
"USW00003757","ST INIGOES WEBSTER NAVAL OUTLYING FIELD, MD US","38.14167","-76.42917","6.4","2020-09-25","4.25","0.09","71","62"
"USW00003757","ST INIGOES WEBSTER NAVAL OUTLYING FIELD, MD US","38.14167","-76.42917","6.4","2020-09-26","2.91","0.61","72","62"
"USW00003757","ST INIGOES WEBSTER NAVAL OUTLYING FIELD, MD US","38.14167","-76.42917","6.4","2020-09-27","2.91","0.02","79","67"
"USW00003757","ST INIGOES WEBSTER NAVAL OUTLYING FIELD, MD US","38.14167","-76.42917","6.4","2020-09-28","6.93","0.00","86","71"
"USW00003757","ST INIGOES WEBSTER NAVAL OUTLYING FIELD, MD US","38.14167","-76.42917","6.4","2020-09-29","7.16","0.00","83","60"
"USW00003757","ST INIGOES WEBSTER NAVAL OUTLYING FIELD, MD US","38.14167","-76.42917","6.4","2020-09-30","9.17","0.04","75","61"
"USW00003757","ST INIGOES WEBSTER NAVAL OUTLYING FIELD, MD US","38.14167","-76.42917","6.4","2020-10-01","6.26","0.00","80","62"
"USW00003757","ST INIGOES WEBSTER NAVAL OUTLYING FIELD, MD US","38.14167","-76.42917","6.4","2020-10-02","3.58","0.00","73","53"
"USW00003757","ST INIGOES WEBSTER NAVAL OUTLYING FIELD, MD US","38.14167","-76.42917","6.4","2020-10-03","2.46","0.00","71","49"
"USW00003757","ST INIGOES WEBSTER NAVAL OUTLYING FIELD, MD US","38.14167","-76.42917","6.4","2020-10-04","2.24","0.00","72","47"
"USW00003757","ST INIGOES WEBSTER NAVAL OUTLYING FIELD, MD US","38.14167","-76.42917","6.4","2020-10-05","2.24","0.00","74","53"
"USW00003757","ST INIGOES WEBSTER NAVAL OUTLYING FIELD, MD US","38.14167","-76.42917","6.4","2020-10-06","4.47","0.00","77","50"
"USW00003757","ST INIGOES WEBSTER NAVAL OUTLYING FIELD, MD US","38.14167","-76.42917","6.4","2020-10-07","8.72","0.00","84","63"
"USW00003757","ST INIGOES WEBSTER NAVAL OUTLYING FIELD, MD US","38.14167","-76.42917","6.4","2020-10-08","4.03","0.00","76","51"
"USW00003757","ST INIGOES WEBSTER NAVAL OUTLYING FIELD, MD US","38.14167","-76.42917","6.4","2020-10-09","4.03","0.00","74","48"
"USW00003757","ST INIGOES WEBSTER NAVAL OUTLYING FIELD, MD US","38.14167","-76.42917","6.4","2020-10-10","9.62","0.00","75","66"
"USW00003757","ST INIGOES WEBSTER NAVAL OUTLYING FIELD, MD US","38.14167","-76.42917","6.4","2020-10-11","6.26","0.51","75","69"
"USW00003757","ST INIGOES WEBSTER NAVAL OUTLYING FIELD, MD US","38.14167","-76.42917","6.4","2020-10-12","9.84","2.19","71","66"
"USW00003757","ST INIGOES WEBSTER NAVAL OUTLYING FIELD, MD US","38.14167","-76.42917","6.4","2020-10-13","4.92","0.00","74","61"
"USW00003757","ST INIGOES WEBSTER NAVAL OUTLYING FIELD, MD US","38.14167","-76.42917","6.4","2020-10-14","4.03","0.00","76","51"
"USW00003757","ST INIGOES WEBSTER NAVAL OUTLYING FIELD, MD US","38.14167","-76.42917","6.4","2020-10-15","7.83","0.00","80","61"
"USW00003757","ST INIGOES WEBSTER NAVAL OUTLYING FIELD, MD US","38.14167","-76.42917","6.4","2020-10-16","5.14","1.24","73","54"
"USW00003757","ST INIGOES WEBSTER NAVAL OUTLYING FIELD, MD US","38.14167","-76.42917","6.4","2020-10-17","2.91","0.01","64","46"
"USW00003757","ST INIGOES WEBSTER NAVAL OUTLYING FIELD, MD US","38.14167","-76.42917","6.4","2020-10-18","3.58","0.00","71","44"
"USW00003757","ST INIGOES WEBSTER NAVAL OUTLYING FIELD, MD US","38.14167","-76.42917","6.4","2020-10-19","3.13","0.03","75","54"
"USW00003757","ST INIGOES WEBSTER NAVAL OUTLYING FIELD, MD US","38.14167","-76.42917","6.4","2020-10-20","2.91","0.06","78","65"
"USW00003757","ST INIGOES WEBSTER NAVAL OUTLYING FIELD, MD US","38.14167","-76.42917","6.4","2020-10-21","2.46","0.00","82","64"
"USW00003757","ST INIGOES WEBSTER NAVAL OUTLYING FIELD, MD US","38.14167","-76.42917","6.4","2020-10-22","2.24","0.00","84","62"
"USW00003757","ST INIGOES WEBSTER NAVAL OUTLYING FIELD, MD US","38.14167","-76.42917","6.4","2020-10-23","3.36","0.00","75","62"
"USW00003757","ST INIGOES WEBSTER NAVAL OUTLYING FIELD, MD US","38.14167","-76.42917","6.4","2020-10-24","5.82","0.00","82","65"
"USW00003757","ST INIGOES WEBSTER NAVAL OUTLYING FIELD, MD US","38.14167","-76.42917","6.4","2020-10-25","6.26","0.24","65","52"
"USW00003757","ST INIGOES WEBSTER NAVAL OUTLYING FIELD, MD US","38.14167","-76.42917","6.4","2020-10-26","2.91","0.00","65","56"
"USW00003757","ST INIGOES WEBSTER NAVAL OUTLYING FIELD, MD US","38.14167","-76.42917","6.4","2020-10-27","3.13","0.01","69","61"
"USW00003757","ST INIGOES WEBSTER NAVAL OUTLYING FIELD, MD US","38.14167","-76.42917","6.4","2020-10-28","5.14","0.00","75","65"
"USW00003757","ST INIGOES WEBSTER NAVAL OUTLYING FIELD, MD US","38.14167","-76.42917","6.4","2020-10-29","7.83","0.69","78","59"
"USW00003757","ST INIGOES WEBSTER NAVAL OUTLYING FIELD, MD US","38.14167","-76.42917","6.4","2020-10-30","5.59","0.43","60","51"
"USW00003757","ST INIGOES WEBSTER NAVAL OUTLYING FIELD, MD US","38.14167","-76.42917","6.4","2020-10-31","4.25","0.03","57","44"
"USW00003757","ST INIGOES WEBSTER NAVAL OUTLYING FIELD, MD US","38.14167","-76.42917","6.4","2020-11-01","7.61","0.13","63","48"
"USW00003757","ST INIGOES WEBSTER NAVAL OUTLYING FIELD, MD US","38.14167","-76.42917","6.4","2020-11-02","15.66","0.00","53","43"
"USW00003757","ST INIGOES WEBSTER NAVAL OUTLYING FIELD, MD US","38.14167","-76.42917","6.4","2020-11-03","7.38","0.00","67","45"
"USW00003757","ST INIGOES WEBSTER NAVAL OUTLYING FIELD, MD US","38.14167","-76.42917","6.4","2020-11-04","3.36","0.00","70","42"
"USW00003757","ST INIGOES WEBSTER NAVAL OUTLYING FIELD, MD US","38.14167","-76.42917","6.4","2020-11-05","2.91","0.00","73","48"
"USW00003757","ST INIGOES WEBSTER NAVAL OUTLYING FIELD, MD US","38.14167","-76.42917","6.4","2020-11-07","0.89","0.00","78","52"
"USW00003757","ST INIGOES WEBSTER NAVAL OUTLYING FIELD, MD US","38.14167","-76.42917","6.4","2020-11-08","1.12","0.00","79","53"
"USW00003757","ST INIGOES WEBSTER NAVAL OUTLYING FIELD, MD US","38.14167","-76.42917","6.4","2020-11-09","1.79",,"76","53"
"USW00003757","ST INIGOES WEBSTER NAVAL OUTLYING FIELD, MD US","38.14167","-76.42917","6.4","2020-11-10","3.58",,"79","56"
"USW00003757","ST INIGOES WEBSTER NAVAL OUTLYING FIELD, MD US","38.14167","-76.42917","6.4","2020-11-11","6.26","2.92","78","68"
"USW00003757","ST INIGOES WEBSTER NAVAL OUTLYING FIELD, MD US","38.14167","-76.42917","6.4","2020-11-12","5.82","1.78","71","55"
"USW00003757","ST INIGOES WEBSTER NAVAL OUTLYING FIELD, MD US","38.14167","-76.42917","6.4","2020-11-13","2.24","0.00","62","50"
"USW00003757","ST INIGOES WEBSTER NAVAL OUTLYING FIELD, MD US","38.14167","-76.42917","6.4","2020-11-14","2.46","0.00","63","42"
"USW00003757","ST INIGOES WEBSTER NAVAL OUTLYING FIELD, MD US","38.14167","-76.42917","6.4","2020-11-15","10.07","0.00","73","46"
"USW00003757","ST INIGOES WEBSTER NAVAL OUTLYING FIELD, MD US","38.14167","-76.42917","6.4","2020-11-16","7.38","0.00","65","42"
"USW00003757","ST INIGOES WEBSTER NAVAL OUTLYING FIELD, MD US","38.14167","-76.42917","6.4","2020-11-17","9.62","0.00","62","39"
"USW00003757","ST INIGOES WEBSTER NAVAL OUTLYING FIELD, MD US","38.14167","-76.42917","6.4","2020-11-18","6.71","0.00","50","33"
"USW00003757","ST INIGOES WEBSTER NAVAL OUTLYING FIELD, MD US","38.14167","-76.42917","6.4","2020-11-19","8.05","0.00","57","31"
"USW00003757","ST INIGOES WEBSTER NAVAL OUTLYING FIELD, MD US","38.14167","-76.42917","6.4","2020-11-20","9.17","0.00","69","50"
"USW00003757","ST INIGOES WEBSTER NAVAL OUTLYING FIELD, MD US","38.14167","-76.42917","6.4","2020-11-21","2.68","0.00","74","46"
"USW00003757","ST INIGOES WEBSTER NAVAL OUTLYING FIELD, MD US","38.14167","-76.42917","6.4","2020-11-24","4.03","0.00","55","42"
"USW00003757","ST INIGOES WEBSTER NAVAL OUTLYING FIELD, MD US","38.14167","-76.42917","6.4","2020-11-25","7.61","0.00","65","50"
"USW00003757","ST INIGOES WEBSTER NAVAL OUTLYING FIELD, MD US","38.14167","-76.42917","6.4","2020-11-26","7.61","0.04","75","55"
"USW00003757","ST INIGOES WEBSTER NAVAL OUTLYING FIELD, MD US","38.14167","-76.42917","6.4","2020-11-27","3.13","0.00","67","51"
"USW00003757","ST INIGOES WEBSTER NAVAL OUTLYING FIELD, MD US","38.14167","-76.42917","6.4","2020-11-28","2.46","0.00","65","41"
"USW00003757","ST INIGOES WEBSTER NAVAL OUTLYING FIELD, MD US","38.14167","-76.42917","6.4","2020-11-29","3.36","0.00","61","36"
"USW00003757","ST INIGOES WEBSTER NAVAL OUTLYING FIELD, MD US","38.14167","-76.42917","6.4","2020-11-30","11.41","0.84","73","56"
"USW00003757","ST INIGOES WEBSTER NAVAL OUTLYING FIELD, MD US","38.14167","-76.42917","6.4","2020-12-01","14.32","0.00","56","43"
"USW00003757","ST INIGOES WEBSTER NAVAL OUTLYING FIELD, MD US","38.14167","-76.42917","6.4","2020-12-02","9.40","0.00","52","36"
"USW00003757","ST INIGOES WEBSTER NAVAL OUTLYING FIELD, MD US","38.14167","-76.42917","6.4","2020-12-03","4.70","0.00","59","31"
"USW00003757","ST INIGOES WEBSTER NAVAL OUTLYING FIELD, MD US","38.14167","-76.42917","6.4","2020-12-04","8.28","0.57","61","51"
"USW00003757","ST INIGOES WEBSTER NAVAL OUTLYING FIELD, MD US","38.14167","-76.42917","6.4","2020-12-05","11.63","1.88","57","47"
"USW00003757","ST INIGOES WEBSTER NAVAL OUTLYING FIELD, MD US","38.14167","-76.42917","6.4","2020-12-06","7.61","0.00","50","36"
"USW00003757","ST INIGOES WEBSTER NAVAL OUTLYING FIELD, MD US","38.14167","-76.42917","6.4","2020-12-07","5.14","0.00","43","37"
"USW00003757","ST INIGOES WEBSTER NAVAL OUTLYING FIELD, MD US","38.14167","-76.42917","6.4","2020-12-08","9.40","0.00","49","35"
"USW00003757","ST INIGOES WEBSTER NAVAL OUTLYING FIELD, MD US","38.14167","-76.42917","6.4","2020-12-09","4.03","0.00","49","30"
"USW00003757","ST INIGOES WEBSTER NAVAL OUTLYING FIELD, MD US","38.14167","-76.42917","6.4","2020-12-10","3.13",,"54","33"
"USW00003757","ST INIGOES WEBSTER NAVAL OUTLYING FIELD, MD US","38.14167","-76.42917","6.4","2020-12-11","6.04","0.00","65","41"
"USW00003757","ST INIGOES WEBSTER NAVAL OUTLYING FIELD, MD US","38.14167","-76.42917","6.4","2020-12-12","7.38","0.00","63","51"
"USW00003757","ST INIGOES WEBSTER NAVAL OUTLYING FIELD, MD US","38.14167","-76.42917","6.4","2020-12-13","7.16","0.00","72","51"
"USW00003757","ST INIGOES WEBSTER NAVAL OUTLYING FIELD, MD US","38.14167","-76.42917","6.4","2020-12-14","7.16","1.43","51","39"
"USW00003757","ST INIGOES WEBSTER NAVAL OUTLYING FIELD, MD US","38.14167","-76.42917","6.4","2020-12-15","4.92",,"46","35"
"USW00003757","ST INIGOES WEBSTER NAVAL OUTLYING FIELD, MD US","38.14167","-76.42917","6.4","2020-12-16","11.41","1.15","50","37"
"USW00003757","ST INIGOES WEBSTER NAVAL OUTLYING FIELD, MD US","38.14167","-76.42917","6.4","2020-12-17","6.71","0.00","45","33"
"USW00003757","ST INIGOES WEBSTER NAVAL OUTLYING FIELD, MD US","38.14167","-76.42917","6.4","2020-12-18","4.70","0.00","42","36"
"USW00003757","ST INIGOES WEBSTER NAVAL OUTLYING FIELD, MD US","38.14167","-76.42917","6.4","2020-12-19","2.01","0.00","42","31"
"USW00003757","ST INIGOES WEBSTER NAVAL OUTLYING FIELD, MD US","38.14167","-76.42917","6.4","2020-12-20","5.37","0.07","45","35"
"USW00003757","ST INIGOES WEBSTER NAVAL OUTLYING FIELD, MD US","38.14167","-76.42917","6.4","2020-12-21","4.25","0.00","48","41"
"USW00003757","ST INIGOES WEBSTER NAVAL OUTLYING FIELD, MD US","38.14167","-76.42917","6.4","2020-12-22","9.62","0.03","55","43"
"USW00003757","ST INIGOES WEBSTER NAVAL OUTLYING FIELD, MD US","38.14167","-76.42917","6.4","2020-12-23","4.25","0.00","51","31"
"USW00003757","ST INIGOES WEBSTER NAVAL OUTLYING FIELD, MD US","38.14167","-76.42917","6.4","2020-12-24","11.86","1.20","66","51"
"USW00003757","ST INIGOES WEBSTER NAVAL OUTLYING FIELD, MD US","38.14167","-76.42917","6.4","2020-12-25","11.86","0.17","63","31"
"USW00003757","ST INIGOES WEBSTER NAVAL OUTLYING FIELD, MD US","38.14167","-76.42917","6.4","2020-12-26","8.95","0.00","38","29"
"USW00003757","ST INIGOES WEBSTER NAVAL OUTLYING FIELD, MD US","38.14167","-76.42917","6.4","2020-12-27","2.24","0.00","43","27"
"USW00003757","ST INIGOES WEBSTER NAVAL OUTLYING FIELD, MD US","38.14167","-76.42917","6.4","2020-12-28","5.82","0.00","53","40"
"USW00003757","ST INIGOES WEBSTER NAVAL OUTLYING FIELD, MD US","38.14167","-76.42917","6.4","2020-12-29","4.92","0.00","47","29"
"USW00003757","ST INIGOES WEBSTER NAVAL OUTLYING FIELD, MD US","38.14167","-76.42917","6.4","2020-12-30","6.26","0.00","50","29"
"USW00003757","ST INIGOES WEBSTER NAVAL OUTLYING FIELD, MD US","38.14167","-76.42917","6.4","2020-12-31","7.83","0.00","60","45"
"USW00003757","ST INIGOES WEBSTER NAVAL OUTLYING FIELD, MD US","38.14167","-76.42917","6.4","2021-01-01","6.04","0.82","45","42"
"USW00003757","ST INIGOES WEBSTER NAVAL OUTLYING FIELD, MD US","38.14167","-76.42917","6.4","2021-01-02","5.82","0.00","60","41"
"USW00003757","ST INIGOES WEBSTER NAVAL OUTLYING FIELD, MD US","38.14167","-76.42917","6.4","2021-01-03","5.82","0.81","48","43"
"USW00003757","ST INIGOES WEBSTER NAVAL OUTLYING FIELD, MD US","38.14167","-76.42917","6.4","2021-01-04","2.24","0.00","49","36"
"USW00003757","ST INIGOES WEBSTER NAVAL OUTLYING FIELD, MD US","38.14167","-76.42917","6.4","2021-01-05","2.68","0.10","46","42"
"USW00003757","ST INIGOES WEBSTER NAVAL OUTLYING FIELD, MD US","38.14167","-76.42917","6.4","2021-01-06","8.05","0.00","46","40"
"USW00003757","ST INIGOES WEBSTER NAVAL OUTLYING FIELD, MD US","38.14167","-76.42917","6.4","2021-01-07","3.80","0.00","49","33"
"USW00003757","ST INIGOES WEBSTER NAVAL OUTLYING FIELD, MD US","38.14167","-76.42917","6.4","2021-01-08","3.36","0.00","42","34"
"USW00003757","ST INIGOES WEBSTER NAVAL OUTLYING FIELD, MD US","38.14167","-76.42917","6.4","2021-01-09","6.71","0.00","48","34"
"USW00003757","ST INIGOES WEBSTER NAVAL OUTLYING FIELD, MD US","38.14167","-76.42917","6.4","2021-01-10","3.13","0.00","50","29"
"USW00003757","ST INIGOES WEBSTER NAVAL OUTLYING FIELD, MD US","38.14167","-76.42917","6.4","2021-01-11","3.13","0.00","47","29"
"USW00003757","ST INIGOES WEBSTER NAVAL OUTLYING FIELD, MD US","38.14167","-76.42917","6.4","2021-01-12","1.79","0.00","51","31"
"USW00003757","ST INIGOES WEBSTER NAVAL OUTLYING FIELD, MD US","38.14167","-76.42917","6.4","2021-01-13","2.01","0.00","53","29"
"USW00003757","ST INIGOES WEBSTER NAVAL OUTLYING FIELD, MD US","38.14167","-76.42917","6.4","2021-01-14","2.24","0.00","56","32"
"USW00003757","ST INIGOES WEBSTER NAVAL OUTLYING FIELD, MD US","38.14167","-76.42917","6.4","2021-01-15","6.04","0.24","56","32"
"USW00003757","ST INIGOES WEBSTER NAVAL OUTLYING FIELD, MD US","38.14167","-76.42917","6.4","2021-01-16","8.50","0.09","51","38"
"USW00003757","ST INIGOES WEBSTER NAVAL OUTLYING FIELD, MD US","38.14167","-76.42917","6.4","2021-01-17","10.51","0.00","51","37"
"USW00003757","ST INIGOES WEBSTER NAVAL OUTLYING FIELD, MD US","38.14167","-76.42917","6.4","2021-01-18","8.50","0.00","50","35"
"USW00003757","ST INIGOES WEBSTER NAVAL OUTLYING FIELD, MD US","38.14167","-76.42917","6.4","2021-01-19","5.82","0.00","54","35"
"USW00003757","ST INIGOES WEBSTER NAVAL OUTLYING FIELD, MD US","38.14167","-76.42917","6.4","2021-01-20","6.93","0.00","50","29"
"USW00003757","ST INIGOES WEBSTER NAVAL OUTLYING FIELD, MD US","38.14167","-76.42917","6.4","2021-01-21","4.25","0.00","56","27"
"USW00003757","ST INIGOES WEBSTER NAVAL OUTLYING FIELD, MD US","38.14167","-76.42917","6.4","2021-01-22","4.70","0.00","57","32"
"USW00003757","ST INIGOES WEBSTER NAVAL OUTLYING FIELD, MD US","38.14167","-76.42917","6.4","2021-01-23","7.16","0.00","39","29"
"USW00003757","ST INIGOES WEBSTER NAVAL OUTLYING FIELD, MD US","38.14167","-76.42917","6.4","2021-01-24","5.59","0.00","40","28"
"USW00003757","ST INIGOES WEBSTER NAVAL OUTLYING FIELD, MD US","38.14167","-76.42917","6.4","2021-01-25","4.92","0.39","44","37"
"USW00003757","ST INIGOES WEBSTER NAVAL OUTLYING FIELD, MD US","38.14167","-76.42917","6.4","2021-01-26","4.47","0.03","44","37"
"USW00003757","ST INIGOES WEBSTER NAVAL OUTLYING FIELD, MD US","38.14167","-76.42917","6.4","2021-01-27","6.26","0.00","51","39"
"USW00003757","ST INIGOES WEBSTER NAVAL OUTLYING FIELD, MD US","38.14167","-76.42917","6.4","2021-01-28","11.41","0.01","41","31"
"USW00003757","ST INIGOES WEBSTER NAVAL OUTLYING FIELD, MD US","38.14167","-76.42917","6.4","2021-01-29","12.08","0.00","36","28"
"USW00003757","ST INIGOES WEBSTER NAVAL OUTLYING FIELD, MD US","38.14167","-76.42917","6.4","2021-01-30","6.04","0.00","39","28"
"USW00003757","ST INIGOES WEBSTER NAVAL OUTLYING FIELD, MD US","38.14167","-76.42917","6.4","2021-01-31","7.61","0.64","40","34"
"USW00003757","ST INIGOES WEBSTER NAVAL OUTLYING FIELD, MD US","38.14167","-76.42917","6.4","2021-02-01","7.83","0.02","40","36"
"USW00003757","ST INIGOES WEBSTER NAVAL OUTLYING FIELD, MD US","38.14167","-76.42917","6.4","2021-02-02","10.07","0.00","39","36"
"USW00003757","ST INIGOES WEBSTER NAVAL OUTLYING FIELD, MD US","38.14167","-76.42917","6.4","2021-02-03","12.30","0.00","45","36"
"USW00003757","ST INIGOES WEBSTER NAVAL OUTLYING FIELD, MD US","38.14167","-76.42917","6.4","2021-02-04","7.61","0.00","51","32"
"USW00003757","ST INIGOES WEBSTER NAVAL OUTLYING FIELD, MD US","38.14167","-76.42917","6.4","2021-02-05","8.72","0.02","55","39"
"USW00003757","ST INIGOES WEBSTER NAVAL OUTLYING FIELD, MD US","38.14167","-76.42917","6.4","2021-02-06","5.82","0.00","56","32"
"USW00003757","ST INIGOES WEBSTER NAVAL OUTLYING FIELD, MD US","38.14167","-76.42917","6.4","2021-02-07","5.37","0.66","48","35"
"USW00003757","ST INIGOES WEBSTER NAVAL OUTLYING FIELD, MD US","38.14167","-76.42917","6.4","2021-02-08","5.37","0.00","39","31"
"USW00003757","ST INIGOES WEBSTER NAVAL OUTLYING FIELD, MD US","38.14167","-76.42917","6.4","2021-02-09","3.13","0.17","55","37"
"USW00003757","ST INIGOES WEBSTER NAVAL OUTLYING FIELD, MD US","38.14167","-76.42917","6.4","2021-02-10","3.36","0.01","44","36"
"USW00003757","ST INIGOES WEBSTER NAVAL OUTLYING FIELD, MD US","38.14167","-76.42917","6.4","2021-02-11","6.26","0.19","39","34"
"USW00003757","ST INIGOES WEBSTER NAVAL OUTLYING FIELD, MD US","38.14167","-76.42917","6.4","2021-02-12","7.16","0.23","35","31"
"USW00003757","ST INIGOES WEBSTER NAVAL OUTLYING FIELD, MD US","38.14167","-76.42917","6.4","2021-02-13","7.38","0.39","36","33"
"USW00003757","ST INIGOES WEBSTER NAVAL OUTLYING FIELD, MD US","38.14167","-76.42917","6.4","2021-02-14","5.59","0.04","38","33"
"USW00003757","ST INIGOES WEBSTER NAVAL OUTLYING FIELD, MD US","38.14167","-76.42917","6.4","2021-02-15","5.37","0.04","43","37"
"USW00003757","ST INIGOES WEBSTER NAVAL OUTLYING FIELD, MD US","38.14167","-76.42917","6.4","2021-02-16","8.05","0.71","53","34"
"USW00003757","ST INIGOES WEBSTER NAVAL OUTLYING FIELD, MD US","38.14167","-76.42917","6.4","2021-02-17","5.82","0.00","39","30"
"USW00003757","ST INIGOES WEBSTER NAVAL OUTLYING FIELD, MD US","38.14167","-76.42917","6.4","2021-02-18","7.38","0.69","37","33"
"USW00003757","ST INIGOES WEBSTER NAVAL OUTLYING FIELD, MD US","38.14167","-76.42917","6.4","2021-02-19","4.92","0.26","38","35"
"USW00003757","ST INIGOES WEBSTER NAVAL OUTLYING FIELD, MD US","38.14167","-76.42917","6.4","2021-02-20","9.40",,"37","29"
"USW00003757","ST INIGOES WEBSTER NAVAL OUTLYING FIELD, MD US","38.14167","-76.42917","6.4","2021-02-21","4.92","0.00","42","27"
"USW00003757","ST INIGOES WEBSTER NAVAL OUTLYING FIELD, MD US","38.14167","-76.42917","6.4","2021-02-22","6.71","0.34","47","34"
"USW00003757","ST INIGOES WEBSTER NAVAL OUTLYING FIELD, MD US","38.14167","-76.42917","6.4","2021-02-23","5.14","0.00","62","34"
"USW00003757","ST INIGOES WEBSTER NAVAL OUTLYING FIELD, MD US","38.14167","-76.42917","6.4","2021-02-24","6.93","0.00","61","33"
"USW00003757","ST INIGOES WEBSTER NAVAL OUTLYING FIELD, MD US","38.14167","-76.42917","6.4","2021-02-25","4.03","0.00","59","35"
"USW00003757","ST INIGOES WEBSTER NAVAL OUTLYING FIELD, MD US","38.14167","-76.42917","6.4","2021-02-26","6.26","0.15","53","32"
"USW00003757","ST INIGOES WEBSTER NAVAL OUTLYING FIELD, MD US","38.14167","-76.42917","6.4","2021-02-27","4.25","0.22","52","44"
"USW00003757","ST INIGOES WEBSTER NAVAL OUTLYING FIELD, MD US","38.14167","-76.42917","6.4","2021-02-28","4.47","0.42","52","48"
"USW00003757","ST INIGOES WEBSTER NAVAL OUTLYING FIELD, MD US","38.14167","-76.42917","6.4","2021-03-01","6.04","0.29","59","46"
"USW00003757","ST INIGOES WEBSTER NAVAL OUTLYING FIELD, MD US","38.14167","-76.42917","6.4","2021-03-02","7.61","0.00","47","37"
"USW00003757","ST INIGOES WEBSTER NAVAL OUTLYING FIELD, MD US","38.14167","-76.42917","6.4","2021-03-03","4.92","0.00","59","36"
"USW00003757","ST INIGOES WEBSTER NAVAL OUTLYING FIELD, MD US","38.14167","-76.42917","6.4","2021-03-04","7.83","0.00","59","35"
"USW00003757","ST INIGOES WEBSTER NAVAL OUTLYING FIELD, MD US","38.14167","-76.42917","6.4","2021-03-05","10.51","0.00","46","32"
"USW00003757","ST INIGOES WEBSTER NAVAL OUTLYING FIELD, MD US","38.14167","-76.42917","6.4","2021-03-06","7.16","0.00","51","33"
"USW00003757","ST INIGOES WEBSTER NAVAL OUTLYING FIELD, MD US","38.14167","-76.42917","6.4","2021-03-07","3.80","0.00","48","29"
"USW00003757","ST INIGOES WEBSTER NAVAL OUTLYING FIELD, MD US","38.14167","-76.42917","6.4","2021-03-08","3.80","0.00","54","27"
"USW00003757","ST INIGOES WEBSTER NAVAL OUTLYING FIELD, MD US","38.14167","-76.42917","6.4","2021-03-09","2.24","0.00","72","33"
"USW00003757","ST INIGOES WEBSTER NAVAL OUTLYING FIELD, MD US","38.14167","-76.42917","6.4","2021-03-10","5.82","0.00","73","41"
"USW00003757","ST INIGOES WEBSTER NAVAL OUTLYING FIELD, MD US","38.14167","-76.42917","6.4","2021-03-11","11.41","0.00","78","56"
"USW00003757","ST INIGOES WEBSTER NAVAL OUTLYING FIELD, MD US","38.14167","-76.42917","6.4","2021-03-12","5.82","0.00","74","54"
"USW00003757","ST INIGOES WEBSTER NAVAL OUTLYING FIELD, MD US","38.14167","-76.42917","6.4","2021-03-13","5.82","0.00","64","40"
"USW00003757","ST INIGOES WEBSTER NAVAL OUTLYING FIELD, MD US","38.14167","-76.42917","6.4","2021-03-14","8.28","0.00","68","33"
"USW00003757","ST INIGOES WEBSTER NAVAL OUTLYING FIELD, MD US","38.14167","-76.42917","6.4","2021-03-15","6.04","0.00","50","38"
"USW00003757","ST INIGOES WEBSTER NAVAL OUTLYING FIELD, MD US","38.14167","-76.42917","6.4","2021-03-16","6.26","0.01","46","42"
"USW00003757","ST INIGOES WEBSTER NAVAL OUTLYING FIELD, MD US","38.14167","-76.42917","6.4","2021-03-17","5.14","0.00","57","45"
"USW00003757","ST INIGOES WEBSTER NAVAL OUTLYING FIELD, MD US","38.14167","-76.42917","6.4","2021-03-18","5.59","1.30","58","50"
"USW00003757","ST INIGOES WEBSTER NAVAL OUTLYING FIELD, MD US","38.14167","-76.42917","6.4","2021-03-19","10.29","0.01","50","35"
"USW00003757","ST INIGOES WEBSTER NAVAL OUTLYING FIELD, MD US","38.14167","-76.42917","6.4","2021-03-20","3.58","0.00","57","32"
"USW00003757","ST INIGOES WEBSTER NAVAL OUTLYING FIELD, MD US","38.14167","-76.42917","6.4","2021-03-21","4.70","0.00","65","33"
"USW00003757","ST INIGOES WEBSTER NAVAL OUTLYING FIELD, MD US","38.14167","-76.42917","6.4","2021-03-22","7.16","0.00","67","39"
"USW00003757","ST INIGOES WEBSTER NAVAL OUTLYING FIELD, MD US","38.14167","-76.42917","6.4","2021-03-23","8.50","0.00","70","50"
"USW00003757","ST INIGOES WEBSTER NAVAL OUTLYING FIELD, MD US","38.14167","-76.42917","6.4","2021-03-24","6.71","2.11","64","55"
"USW00003757","ST INIGOES WEBSTER NAVAL OUTLYING FIELD, MD US","38.14167","-76.42917","6.4","2021-03-25","4.25","0.00","77","57"
"USW00003757","ST INIGOES WEBSTER NAVAL OUTLYING FIELD, MD US","38.14167","-76.42917","6.4","2021-03-26","12.75","0.01","85","58"
"USW00003757","ST INIGOES WEBSTER NAVAL OUTLYING FIELD, MD US","38.14167","-76.42917","6.4","2021-03-27","5.37","0.00","71","50"
"USW00003757","ST INIGOES WEBSTER NAVAL OUTLYING FIELD, MD US","38.14167","-76.42917","6.4","2021-03-28","10.07","0.37","79","55"
"USW00003757","ST INIGOES WEBSTER NAVAL OUTLYING FIELD, MD US","38.14167","-76.42917","6.4","2021-03-29","10.96","0.00","62","42"
"USW00003757","ST INIGOES WEBSTER NAVAL OUTLYING FIELD, MD US","38.14167","-76.42917","6.4","2021-03-30","9.84","0.00","65","42"
"USW00003757","ST INIGOES WEBSTER NAVAL OUTLYING FIELD, MD US","38.14167","-76.42917","6.4","2021-03-31","6.71","0.47","73","59"
"USW00003757","ST INIGOES WEBSTER NAVAL OUTLYING FIELD, MD US","38.14167","-76.42917","6.4","2021-04-01","9.84","0.09","62","37"
"USW00003757","ST INIGOES WEBSTER NAVAL OUTLYING FIELD, MD US","38.14167","-76.42917","6.4","2021-04-02","10.29","0.00","48","34"
"USW00003757","ST INIGOES WEBSTER NAVAL OUTLYING FIELD, MD US","38.14167","-76.42917","6.4","2021-04-03","6.71","0.00","56","35"
"USW00003757","ST INIGOES WEBSTER NAVAL OUTLYING FIELD, MD US","38.14167","-76.42917","6.4","2021-04-04","4.92","0.00","76","45"
"USW00003757","ST INIGOES WEBSTER NAVAL OUTLYING FIELD, MD US","38.14167","-76.42917","6.4","2021-04-05","5.37","0.00","73","45"
"USW00003757","ST INIGOES WEBSTER NAVAL OUTLYING FIELD, MD US","38.14167","-76.42917","6.4","2021-04-06","4.25","0.00","73","53"
"USW00003757","ST INIGOES WEBSTER NAVAL OUTLYING FIELD, MD US","38.14167","-76.42917","6.4","2021-04-07","5.14","0.00","79","49"
"USW00003757","ST INIGOES WEBSTER NAVAL OUTLYING FIELD, MD US","38.14167","-76.42917","6.4","2021-04-08","8.50","0.00","68","56"
"USW00003757","ST INIGOES WEBSTER NAVAL OUTLYING FIELD, MD US","38.14167","-76.42917","6.4","2021-04-09","9.62","0.15","68","57"
"USW00003757","ST INIGOES WEBSTER NAVAL OUTLYING FIELD, MD US","38.14167","-76.42917","6.4","2021-04-10","4.25","0.02","76","57"
"USW00003757","ST INIGOES WEBSTER NAVAL OUTLYING FIELD, MD US","38.14167","-76.42917","6.4","2021-04-11","6.71","0.07","82","63"
"USW00003757","ST INIGOES WEBSTER NAVAL OUTLYING FIELD, MD US","38.14167","-76.42917","6.4","2021-04-12","6.93","0.05","70","53"
"USW00003757","ST INIGOES WEBSTER NAVAL OUTLYING FIELD, MD US","38.14167","-76.42917","6.4","2021-04-13","4.92","0.00","66","53"
"USW00003757","ST INIGOES WEBSTER NAVAL OUTLYING FIELD, MD US","38.14167","-76.42917","6.4","2021-04-14","4.47","0.19","68","50"
"USW00003757","ST INIGOES WEBSTER NAVAL OUTLYING FIELD, MD US","38.14167","-76.42917","6.4","2021-04-15","6.93","0.05","70","52"
"USW00003757","ST INIGOES WEBSTER NAVAL OUTLYING FIELD, MD US","38.14167","-76.42917","6.4","2021-04-16","8.95","0.00","66","42"
"USW00003757","ST INIGOES WEBSTER NAVAL OUTLYING FIELD, MD US","38.14167","-76.42917","6.4","2021-04-17","3.58","0.00","65","43"
"USW00003757","ST INIGOES WEBSTER NAVAL OUTLYING FIELD, MD US","38.14167","-76.42917","6.4","2021-04-18","4.47","0.05","70","45"
"USW00003757","ST INIGOES WEBSTER NAVAL OUTLYING FIELD, MD US","38.14167","-76.42917","6.4","2021-04-19","2.46","0.72","60","48"
"USW00003757","ST INIGOES WEBSTER NAVAL OUTLYING FIELD, MD US","38.14167","-76.42917","6.4","2021-04-20","6.93","0.00","76","48"
"USW00003757","ST INIGOES WEBSTER NAVAL OUTLYING FIELD, MD US","38.14167","-76.42917","6.4","2021-04-21","12.53","0.00","77","46"
"USW00003757","ST INIGOES WEBSTER NAVAL OUTLYING FIELD, MD US","38.14167","-76.42917","6.4","2021-04-22","10.74","0.00","58","42"
"USW00003757","ST INIGOES WEBSTER NAVAL OUTLYING FIELD, MD US","38.14167","-76.42917","6.4","2021-04-23","6.49","0.00","65","39"
"USW00003757","ST INIGOES WEBSTER NAVAL OUTLYING FIELD, MD US","38.14167","-76.42917","6.4","2021-04-24","5.14","0.70","67","42"
"USW00003757","ST INIGOES WEBSTER NAVAL OUTLYING FIELD, MD US","38.14167","-76.42917","6.4","2021-04-25","7.16","0.31","69","52"
"USW00003757","ST INIGOES WEBSTER NAVAL OUTLYING FIELD, MD US","38.14167","-76.42917","6.4","2021-04-26","6.49","0.00","70","49"
"USW00003757","ST INIGOES WEBSTER NAVAL OUTLYING FIELD, MD US","38.14167","-76.42917","6.4","2021-04-27","7.16","0.00","87","51"
"USW00003757","ST INIGOES WEBSTER NAVAL OUTLYING FIELD, MD US","38.14167","-76.42917","6.4","2021-04-28","7.61","0.00","88","64"
"USW00003757","ST INIGOES WEBSTER NAVAL OUTLYING FIELD, MD US","38.14167","-76.42917","6.4","2021-04-29","9.84","0.00","88","69"
"USW00003757","ST INIGOES WEBSTER NAVAL OUTLYING FIELD, MD US","38.14167","-76.42917","6.4","2021-04-30","14.99","0.05","78","56"
"USW00003757","ST INIGOES WEBSTER NAVAL OUTLYING FIELD, MD US","38.14167","-76.42917","6.4","2021-05-01","10.74","0.00","70","50"
"USW00003757","ST INIGOES WEBSTER NAVAL OUTLYING FIELD, MD US","38.14167","-76.42917","6.4","2021-05-02","9.62","0.00","85","59"
"USW00003757","ST INIGOES WEBSTER NAVAL OUTLYING FIELD, MD US","38.14167","-76.42917","6.4","2021-05-03","7.16","0.30","79","67"
"USW00003757","ST INIGOES WEBSTER NAVAL OUTLYING FIELD, MD US","38.14167","-76.42917","6.4","2021-05-04","6.71","0.14","89","69"
"USW00003757","ST INIGOES WEBSTER NAVAL OUTLYING FIELD, MD US","38.14167","-76.42917","6.4","2021-05-05","6.93","0.05","86","61"
"USW00003757","ST INIGOES WEBSTER NAVAL OUTLYING FIELD, MD US","38.14167","-76.42917","6.4","2021-05-06","4.47","0.00","67","50"
"USW00003757","ST INIGOES WEBSTER NAVAL OUTLYING FIELD, MD US","38.14167","-76.42917","6.4","2021-05-07","4.70","0.62","69","47"
"USW00003757","ST INIGOES WEBSTER NAVAL OUTLYING FIELD, MD US","38.14167","-76.42917","6.4","2021-05-08","6.04","0.00","67","46"
"USW00003757","ST INIGOES WEBSTER NAVAL OUTLYING FIELD, MD US","38.14167","-76.42917","6.4","2021-05-09","6.71","0.00","75","44"
"USW00003757","ST INIGOES WEBSTER NAVAL OUTLYING FIELD, MD US","38.14167","-76.42917","6.4","2021-05-10","4.47","0.06","74","50"
"USW00003757","ST INIGOES WEBSTER NAVAL OUTLYING FIELD, MD US","38.14167","-76.42917","6.4","2021-05-11","3.80","0.00","72","48"
"USW00003757","ST INIGOES WEBSTER NAVAL OUTLYING FIELD, MD US","38.14167","-76.42917","6.4","2021-05-12","4.47","0.00","66","48"
"USW00003757","ST INIGOES WEBSTER NAVAL OUTLYING FIELD, MD US","38.14167","-76.42917","6.4","2021-05-13","3.80","0.00","73","46"
"USW00003757","ST INIGOES WEBSTER NAVAL OUTLYING FIELD, MD US","38.14167","-76.42917","6.4","2021-05-14","2.91","0.00","75","46"
"USW00003757","ST INIGOES WEBSTER NAVAL OUTLYING FIELD, MD US","38.14167","-76.42917","6.4","2021-05-15","3.58","0.00","79","50"
"USW00003757","ST INIGOES WEBSTER NAVAL OUTLYING FIELD, MD US","38.14167","-76.42917","6.4","2021-05-16","3.58","0.00","76","49"
"USW00003757","ST INIGOES WEBSTER NAVAL OUTLYING FIELD, MD US","38.14167","-76.42917","6.4","2021-05-17","3.13","0.00","77","56"
"USW00003757","ST INIGOES WEBSTER NAVAL OUTLYING FIELD, MD US","38.14167","-76.42917","6.4","2021-05-18","3.80","0.00","79","52"
"USW00003757","ST INIGOES WEBSTER NAVAL OUTLYING FIELD, MD US","38.14167","-76.42917","6.4","2021-05-19","4.70",,"86","62"
"USW00003757","ST INIGOES WEBSTER NAVAL OUTLYING FIELD, MD US","38.14167","-76.42917","6.4","2021-05-20","5.14","0.00","89","60"
"USW00003757","ST INIGOES WEBSTER NAVAL OUTLYING FIELD, MD US","38.14167","-76.42917","6.4","2021-05-21","3.80","0.00","79","54"
"USW00003757","ST INIGOES WEBSTER NAVAL OUTLYING FIELD, MD US","38.14167","-76.42917","6.4","2021-05-22","6.26","0.00","91","64"
"USW00003757","ST INIGOES WEBSTER NAVAL OUTLYING FIELD, MD US","38.14167","-76.42917","6.4","2021-05-23","5.59","0.00","95","74"
"USW00003757","ST INIGOES WEBSTER NAVAL OUTLYING FIELD, MD US","38.14167","-76.42917","6.4","2021-05-24","8.50","0.03","81","63"
"USW00003757","ST INIGOES WEBSTER NAVAL OUTLYING FIELD, MD US","38.14167","-76.42917","6.4","2021-05-25","6.26","0.00","77","63"
"USW00003757","ST INIGOES WEBSTER NAVAL OUTLYING FIELD, MD US","38.14167","-76.42917","6.4","2021-05-26","6.71","0.00","96","71"
"USW00003757","ST INIGOES WEBSTER NAVAL OUTLYING FIELD, MD US","38.14167","-76.42917","6.4","2021-05-27","4.92","0.00","90","69"
"USW00003757","ST INIGOES WEBSTER NAVAL OUTLYING FIELD, MD US","38.14167","-76.42917","6.4","2021-05-28","6.49","0.50","84","68"
"USW00003757","ST INIGOES WEBSTER NAVAL OUTLYING FIELD, MD US","38.14167","-76.42917","6.4","2021-05-29","9.40","0.94","74","56"
"USW00003757","ST INIGOES WEBSTER NAVAL OUTLYING FIELD, MD US","38.14167","-76.42917","6.4","2021-05-30","6.71","0.30","60","54"
"USW00003757","ST INIGOES WEBSTER NAVAL OUTLYING FIELD, MD US","38.14167","-76.42917","6.4","2021-05-31","5.82","0.00","75","54"
"USW00003757","ST INIGOES WEBSTER NAVAL OUTLYING FIELD, MD US","38.14167","-76.42917","6.4","2021-06-01","6.26","0.00","79","60"
"USW00003757","ST INIGOES WEBSTER NAVAL OUTLYING FIELD, MD US","38.14167","-76.42917","6.4","2021-06-02","6.04","0.03","81","66"
"USW00003757","ST INIGOES WEBSTER NAVAL OUTLYING FIELD, MD US","38.14167","-76.42917","6.4","2021-06-03","8.05","0.05","86","70"
"USW00003757","ST INIGOES WEBSTER NAVAL OUTLYING FIELD, MD US","38.14167","-76.42917","6.4","2021-06-04","5.82","0.30","86","70"
"USW00003757","ST INIGOES WEBSTER NAVAL OUTLYING FIELD, MD US","38.14167","-76.42917","6.4","2021-06-05","4.92","0.00","92","68"
"USW00003757","ST INIGOES WEBSTER NAVAL OUTLYING FIELD, MD US","38.14167","-76.42917","6.4","2021-06-06","5.82","0.00","95","69"
"USW00003757","ST INIGOES WEBSTER NAVAL OUTLYING FIELD, MD US","38.14167","-76.42917","6.4","2021-06-07","6.93","0.00","93","78"
"USW00003757","ST INIGOES WEBSTER NAVAL OUTLYING FIELD, MD US","38.14167","-76.42917","6.4","2021-06-08","7.61","0.00","92","79"
"USW00003757","ST INIGOES WEBSTER NAVAL OUTLYING FIELD, MD US","38.14167","-76.42917","6.4","2021-06-09","6.49","3.60","91","74"
"USW00003757","ST INIGOES WEBSTER NAVAL OUTLYING FIELD, MD US","38.14167","-76.42917","6.4","2021-06-10","5.37","0.90","90","76"
"USW00003757","ST INIGOES WEBSTER NAVAL OUTLYING FIELD, MD US","38.14167","-76.42917","6.4","2021-06-11","9.62","1.12","77","71"
"USW00003757","ST INIGOES WEBSTER NAVAL OUTLYING FIELD, MD US","38.14167","-76.42917","6.4","2021-06-12","5.82","0.45","81","69"
"USW00003757","ST INIGOES WEBSTER NAVAL OUTLYING FIELD, MD US","38.14167","-76.42917","6.4","2021-06-13","5.14","0.00","83","69"
"USW00003757","ST INIGOES WEBSTER NAVAL OUTLYING FIELD, MD US","38.14167","-76.42917","6.4","2021-06-14","5.59","0.00","88","69"
"USW00003757","ST INIGOES WEBSTER NAVAL OUTLYING FIELD, MD US","38.14167","-76.42917","6.4","2021-06-15","5.37","0.40","85","70"
"USW00003757","ST INIGOES WEBSTER NAVAL OUTLYING FIELD, MD US","38.14167","-76.42917","6.4","2021-06-16","6.04","0.00","83","63"
"USW00003757","ST INIGOES WEBSTER NAVAL OUTLYING FIELD, MD US","38.14167","-76.42917","6.4","2021-06-17","3.36","0.00","81","61"
"USW00003757","ST INIGOES WEBSTER NAVAL OUTLYING FIELD, MD US","38.14167","-76.42917","6.4","2021-06-18","7.16","0.00","89","60"
"USW00003757","ST INIGOES WEBSTER NAVAL OUTLYING FIELD, MD US","38.14167","-76.42917","6.4","2021-06-19","5.37","0.00","92","77"
"USW00003757","ST INIGOES WEBSTER NAVAL OUTLYING FIELD, MD US","38.14167","-76.42917","6.4","2021-06-20","6.71","0.00","92","75"
"USW00003757","ST INIGOES WEBSTER NAVAL OUTLYING FIELD, MD US","38.14167","-76.42917","6.4","2021-06-21","7.61","0.00","92","79"
"USW00003757","ST INIGOES WEBSTER NAVAL OUTLYING FIELD, MD US","38.14167","-76.42917","6.4","2021-06-22","4.92","0.27","87","63"
"USW00003757","ST INIGOES WEBSTER NAVAL OUTLYING FIELD, MD US","38.14167","-76.42917","6.4","2021-06-23","2.46","0.00","78","61"
"USW00003757","ST INIGOES WEBSTER NAVAL OUTLYING FIELD, MD US","38.14167","-76.42917","6.4","2021-06-24","4.47","0.00","81","59"
"USW00003757","ST INIGOES WEBSTER NAVAL OUTLYING FIELD, MD US","38.14167","-76.42917","6.4","2021-06-25","3.80","0.00","83","60"
"USW00003757","ST INIGOES WEBSTER NAVAL OUTLYING FIELD, MD US","38.14167","-76.42917","6.4","2021-06-26","7.83","0.31","87","77"
"USW00003757","ST INIGOES WEBSTER NAVAL OUTLYING FIELD, MD US","38.14167","-76.42917","6.4","2021-06-27","8.28","0.00","91","78"
"USW00003757","ST INIGOES WEBSTER NAVAL OUTLYING FIELD, MD US","38.14167","-76.42917","6.4","2021-06-28","8.28","0.00","91","78"
"USW00003757","ST INIGOES WEBSTER NAVAL OUTLYING FIELD, MD US","38.14167","-76.42917","6.4","2021-06-29","6.49","0.00","95","79"
"USW00003757","ST INIGOES WEBSTER NAVAL OUTLYING FIELD, MD US","38.14167","-76.42917","6.4","2021-06-30","9.40","0.00","98","80"
"USW00003757","ST INIGOES WEBSTER NAVAL OUTLYING FIELD, MD US","38.14167","-76.42917","6.4","2021-07-01","6.04","0.57","97","77"
"USW00003757","ST INIGOES WEBSTER NAVAL OUTLYING FIELD, MD US","38.14167","-76.42917","6.4","2021-07-02","4.03","0.93","82","69"
"USW00003757","ST INIGOES WEBSTER NAVAL OUTLYING FIELD, MD US","38.14167","-76.42917","6.4","2021-07-03","6.26","0.14","82","67"
"USW00003757","ST INIGOES WEBSTER NAVAL OUTLYING FIELD, MD US","38.14167","-76.42917","6.4","2021-07-04","2.91","0.00","87","64"
"USW00003757","ST INIGOES WEBSTER NAVAL OUTLYING FIELD, MD US","38.14167","-76.42917","6.4","2021-07-05","5.14","0.00","90","72"
"USW00003757","ST INIGOES WEBSTER NAVAL OUTLYING FIELD, MD US","38.14167","-76.42917","6.4","2021-07-06","7.83","0.00","95","77"
"USW00003757","ST INIGOES WEBSTER NAVAL OUTLYING FIELD, MD US","38.14167","-76.42917","6.4","2021-07-07","7.83","0.00","96","80"
"USW00003757","ST INIGOES WEBSTER NAVAL OUTLYING FIELD, MD US","38.14167","-76.42917","6.4","2021-07-08","9.17","2.99","89","78"
"USW00003757","ST INIGOES WEBSTER NAVAL OUTLYING FIELD, MD US","38.14167","-76.42917","6.4","2021-07-09","7.83","0.32","91","75"
"USW00003757","ST INIGOES WEBSTER NAVAL OUTLYING FIELD, MD US","38.14167","-76.42917","6.4","2021-07-10","4.70","0.00","86","73"
"USW00003757","ST INIGOES WEBSTER NAVAL OUTLYING FIELD, MD US","38.14167","-76.42917","6.4","2021-07-11","6.04","0.39","90","73"
"USW00003757","ST INIGOES WEBSTER NAVAL OUTLYING FIELD, MD US","38.14167","-76.42917","6.4","2021-07-12","9.17","0.00","94","81"
"USW00003757","ST INIGOES WEBSTER NAVAL OUTLYING FIELD, MD US","38.14167","-76.42917","6.4","2021-07-13","8.95","0.00","94","82"
"USW00003757","ST INIGOES WEBSTER NAVAL OUTLYING FIELD, MD US","38.14167","-76.42917","6.4","2021-07-14","8.05","0.00","93","73"
"USW00003757","ST INIGOES WEBSTER NAVAL OUTLYING FIELD, MD US","38.14167","-76.42917","6.4","2021-07-15","3.58","0.00","94","75"
"USW00003757","ST INIGOES WEBSTER NAVAL OUTLYING FIELD, MD US","38.14167","-76.42917","6.4","2021-07-16","5.82","0.00","95","82"
"USW00003757","ST INIGOES WEBSTER NAVAL OUTLYING FIELD, MD US","38.14167","-76.42917","6.4","2021-07-17","9.40","0.00","95","79"
"USW00003757","ST INIGOES WEBSTER NAVAL OUTLYING FIELD, MD US","38.14167","-76.42917","6.4","2021-07-18","7.16","0.00","89","73"
"USW00003757","ST INIGOES WEBSTER NAVAL OUTLYING FIELD, MD US","38.14167","-76.42917","6.4","2021-07-19","4.47","0.00","85","73"
"USW00003757","ST INIGOES WEBSTER NAVAL OUTLYING FIELD, MD US","38.14167","-76.42917","6.4","2021-07-20",,"0.00",,
"USW00003757","ST INIGOES WEBSTER NAVAL OUTLYING FIELD, MD US","38.14167","-76.42917","6.4","2021-07-21",,"0.00",,
"USW00003757","ST INIGOES WEBSTER NAVAL OUTLYING FIELD, MD US","38.14167","-76.42917","6.4","2021-07-23",,"0.00",,
"USW00003757","ST INIGOES WEBSTER NAVAL OUTLYING FIELD, MD US","38.14167","-76.42917","6.4","2021-07-24","5.82","0.00","81","61"
"USW00003757","ST INIGOES WEBSTER NAVAL OUTLYING FIELD, MD US","38.14167","-76.42917","6.4","2021-07-25","9.84","0.00","85","74"
"USW00003757","ST INIGOES WEBSTER NAVAL OUTLYING FIELD, MD US","38.14167","-76.42917","6.4","2021-07-26","6.71","0.00","88","6"
"USW00003757","ST INIGOES WEBSTER NAVAL OUTLYING FIELD, MD US","38.14167","-76.42917","6.4","2021-07-27","3.80","0.00","92","9"
"USW00003757","ST INIGOES WEBSTER NAVAL OUTLYING FIELD, MD US","38.14167","-76.42917","6.4","2021-07-28","3.58","0.12","93","76"
"USW00003757","ST INIGOES WEBSTER NAVAL OUTLYING FIELD, MD US","38.14167","-76.42917","6.4","2021-07-29","5.59","0.01","91","77"
"USW00003757","ST INIGOES WEBSTER NAVAL OUTLYING FIELD, MD US","38.14167","-76.42917","6.4","2021-07-30","4.47","0.01","93","73"
"USW00003757","ST INIGOES WEBSTER NAVAL OUTLYING FIELD, MD US","38.14167","-76.42917","6.4","2021-07-31","4.92","0.00","82","71"
"USW00003757","ST INIGOES WEBSTER NAVAL OUTLYING FIELD, MD US","38.14167","-76.42917","6.4","2021-08-01","4.25","0.32","85","73"
"USW00003757","ST INIGOES WEBSTER NAVAL OUTLYING FIELD, MD US","38.14167","-76.42917","6.4","2021-08-02","3.13","0.00","85","68"
"USW00003757","ST INIGOES WEBSTER NAVAL OUTLYING FIELD, MD US","38.14167","-76.42917","6.4","2021-08-03","2.46","0.00","81","67"
"USW00003757","ST INIGOES WEBSTER NAVAL OUTLYING FIELD, MD US","38.14167","-76.42917","6.4","2021-08-04","8.05","0.00","81","68"
"USW00003757","ST INIGOES WEBSTER NAVAL OUTLYING FIELD, MD US","38.14167","-76.42917","6.4","2021-08-05","4.25","0.00","84","65"
"USW00003757","ST INIGOES WEBSTER NAVAL OUTLYING FIELD, MD US","38.14167","-76.42917","6.4","2021-08-06","4.70","0.00","88","69"
"USW00003757","ST INIGOES WEBSTER NAVAL OUTLYING FIELD, MD US","38.14167","-76.42917","6.4","2021-08-07","3.13","2.38","82","70"
"USW00003757","ST INIGOES WEBSTER NAVAL OUTLYING FIELD, MD US","38.14167","-76.42917","6.4","2021-08-08","3.36","0.01","85","72"
"USW00003757","ST INIGOES WEBSTER NAVAL OUTLYING FIELD, MD US","38.14167","-76.42917","6.4","2021-08-09","5.82","0.00","91","72"
"USW00003757","ST INIGOES WEBSTER NAVAL OUTLYING FIELD, MD US","38.14167","-76.42917","6.4","2021-08-10","6.93","0.00","93","78"
"USW00003757","ST INIGOES WEBSTER NAVAL OUTLYING FIELD, MD US","38.14167","-76.42917","6.4","2021-08-11","6.04","0.03","95","78"
"USW00003757","ST INIGOES WEBSTER NAVAL OUTLYING FIELD, MD US","38.14167","-76.42917","6.4","2021-08-12","4.92","0.00","95","76"
"USW00003757","ST INIGOES WEBSTER NAVAL OUTLYING FIELD, MD US","38.14167","-76.42917","6.4","2021-08-13","5.14","0.59","94","76"
"USW00003757","ST INIGOES WEBSTER NAVAL OUTLYING FIELD, MD US","38.14167","-76.42917","6.4","2021-08-14","4.47","0.00","94","77"
"USW00003757","ST INIGOES WEBSTER NAVAL OUTLYING FIELD, MD US","38.14167","-76.42917","6.4","2021-08-15","4.47","0.01","86","77"
"USW00003757","ST INIGOES WEBSTER NAVAL OUTLYING FIELD, MD US","38.14167","-76.42917","6.4","2021-08-16","3.13","0.08","88","76"
"USW00003757","ST INIGOES WEBSTER NAVAL OUTLYING FIELD, MD US","38.14167","-76.42917","6.4","2021-08-17","5.82","0.04","91","80"
"USW00003757","ST INIGOES WEBSTER NAVAL OUTLYING FIELD, MD US","38.14167","-76.42917","6.4","2021-08-18","9.17","0.64","91","80"
"USW00003757","ST INIGOES WEBSTER NAVAL OUTLYING FIELD, MD US","38.14167","-76.42917","6.4","2021-08-19","5.82","0.56","94","78"
"USW00003757","ST INIGOES WEBSTER NAVAL OUTLYING FIELD, MD US","38.14167","-76.42917","6.4","2021-08-20","3.58","1.83","84","77"
"USW00003757","ST INIGOES WEBSTER NAVAL OUTLYING FIELD, MD US","38.14167","-76.42917","6.4","2021-08-21","2.68","0.00","89","74"
"USW00003757","ST INIGOES WEBSTER NAVAL OUTLYING FIELD, MD US","38.14167","-76.42917","6.4","2021-08-22","2.68","0.03","88","74"
"USW00003757","ST INIGOES WEBSTER NAVAL OUTLYING FIELD, MD US","38.14167","-76.42917","6.4","2021-08-23","6.04","0.00","92","77"
"USW00003757","ST INIGOES WEBSTER NAVAL OUTLYING FIELD, MD US","38.14167","-76.42917","6.4","2021-08-24","3.58","0.00","92","76"
"USW00003757","ST INIGOES WEBSTER NAVAL OUTLYING FIELD, MD US","38.14167","-76.42917","6.4","2021-08-25","2.46","0.00","93","75"
"USW00003757","ST INIGOES WEBSTER NAVAL OUTLYING FIELD, MD US","38.14167","-76.42917","6.4","2021-08-26","4.25","0.00","95","77"
"USW00003757","ST INIGOES WEBSTER NAVAL OUTLYING FIELD, MD US","38.14167","-76.42917","6.4","2021-08-27","4.92","0.06","94","77"
"USW00003757","ST INIGOES WEBSTER NAVAL OUTLYING FIELD, MD US","38.14167","-76.42917","6.4","2021-08-28","3.80","0.00","94","76"
"USW00003757","ST INIGOES WEBSTER NAVAL OUTLYING FIELD, MD US","38.14167","-76.42917","6.4","2021-08-29","2.68","0.00","89","75"
"USW00003757","ST INIGOES WEBSTER NAVAL OUTLYING FIELD, MD US","38.14167","-76.42917","6.4","2021-08-30","2.01","0.34","93","74"
"USW00003757","ST INIGOES WEBSTER NAVAL OUTLYING FIELD, MD US","38.14167","-76.42917","6.4","2021-08-31","2.91","0.00","92","76"
"USW00003757","ST INIGOES WEBSTER NAVAL OUTLYING FIELD, MD US","38.14167","-76.42917","6.4","2021-09-01","11.41","0.85","90","71"
"USW00003757","ST INIGOES WEBSTER NAVAL OUTLYING FIELD, MD US","38.14167","-76.42917","6.4","2021-09-02","4.70","0.00","83","62"
"USW00003757","ST INIGOES WEBSTER NAVAL OUTLYING FIELD, MD US","38.14167","-76.42917","6.4","2021-09-03","3.58","0.00","80","60"
"USW00003757","ST INIGOES WEBSTER NAVAL OUTLYING FIELD, MD US","38.14167","-76.42917","6.4","2021-09-04","3.36","0.00","81","62"
"USW00003757","ST INIGOES WEBSTER NAVAL OUTLYING FIELD, MD US","38.14167","-76.42917","6.4","2021-09-05","9.84","0.00","87","73"
"USW00003757","ST INIGOES WEBSTER NAVAL OUTLYING FIELD, MD US","38.14167","-76.42917","6.4","2021-09-06","4.25","0.15","87","68"
"USW00003757","ST INIGOES WEBSTER NAVAL OUTLYING FIELD, MD US","38.14167","-76.42917","6.4","2021-09-07","4.92","0.00","88","65"
"USW00003757","ST INIGOES WEBSTER NAVAL OUTLYING FIELD, MD US","38.14167","-76.42917","6.4","2021-09-08","8.72","0.00","89","74"
"USW00003757","ST INIGOES WEBSTER NAVAL OUTLYING FIELD, MD US","38.14167","-76.42917","6.4","2021-09-09","2.91","0.89","81","67"
"USW00003757","ST INIGOES WEBSTER NAVAL OUTLYING FIELD, MD US","38.14167","-76.42917","6.4","2021-09-10","5.82","0.00","80","60"
"USW00003757","ST INIGOES WEBSTER NAVAL OUTLYING FIELD, MD US","38.14167","-76.42917","6.4","2021-09-11","5.14","0.00","82","59"
"USW00003757","ST INIGOES WEBSTER NAVAL OUTLYING FIELD, MD US","38.14167","-76.42917","6.4","2021-09-12","8.95","0.00","86","71"
"USW00003757","ST INIGOES WEBSTER NAVAL OUTLYING FIELD, MD US","38.14167","-76.42917","6.4","2021-09-13","3.36","0.00","92","73"
"USW00003757","ST INIGOES WEBSTER NAVAL OUTLYING FIELD, MD US","38.14167","-76.42917","6.4","2021-09-14","3.80","0.00","89","71"
"USW00003757","ST INIGOES WEBSTER NAVAL OUTLYING FIELD, MD US","38.14167","-76.42917","6.4","2021-09-15","6.93","0.00","91","76"
"USW00003757","ST INIGOES WEBSTER NAVAL OUTLYING FIELD, MD US","38.14167","-76.42917","6.4","2021-09-16","4.70","0.01","87","75"
"USW00003757","ST INIGOES WEBSTER NAVAL OUTLYING FIELD, MD US","38.14167","-76.42917","6.4","2021-09-17","5.82","0.00","85","74"
"USW00003757","ST INIGOES WEBSTER NAVAL OUTLYING FIELD, MD US","38.14167","-76.42917","6.4","2021-09-18","2.01","0.00","86","71"
"USW00003757","ST INIGOES WEBSTER NAVAL OUTLYING FIELD, MD US","38.14167","-76.42917","6.4","2021-09-19","4.03","0.00","85","65"
"USW00003757","ST INIGOES WEBSTER NAVAL OUTLYING FIELD, MD US","38.14167","-76.42917","6.4","2021-09-20","5.59","0.00","83","60"
"USW00003757","ST INIGOES WEBSTER NAVAL OUTLYING FIELD, MD US","38.14167","-76.42917","6.4","2021-09-21","7.61","0.00","86","73"
"USW00003757","ST INIGOES WEBSTER NAVAL OUTLYING FIELD, MD US","38.14167","-76.42917","6.4","2021-09-22","9.84","0.02","88","75"
"USW00003757","ST INIGOES WEBSTER NAVAL OUTLYING FIELD, MD US","38.14167","-76.42917","6.4","2021-09-23","5.82","0.87","82","64"
"USW00003757","ST INIGOES WEBSTER NAVAL OUTLYING FIELD, MD US","38.14167","-76.42917","6.4","2021-09-24","2.01","0.00","79","56"
"USW00003757","ST INIGOES WEBSTER NAVAL OUTLYING FIELD, MD US","38.14167","-76.42917","6.4","2021-09-25","2.68","0.00","80","55"
"USW00003757","ST INIGOES WEBSTER NAVAL OUTLYING FIELD, MD US","38.14167","-76.42917","6.4","2021-09-26","6.26","0.00","78","59"
"USW00003757","ST INIGOES WEBSTER NAVAL OUTLYING FIELD, MD US","38.14167","-76.42917","6.4","2021-09-27","5.82","0.00","85","58"
"USW00003757","ST INIGOES WEBSTER NAVAL OUTLYING FIELD, MD US","38.14167","-76.42917","6.4","2021-09-28","5.82","0.00","89","69"
"USW00003757","ST INIGOES WEBSTER NAVAL OUTLYING FIELD, MD US","38.14167","-76.42917","6.4","2021-09-29","4.70","0.00","75","54"
"USW00003757","ST INIGOES WEBSTER NAVAL OUTLYING FIELD, MD US","38.14167","-76.42917","6.4","2021-09-30","4.47","0.00","79","54"
"USW00003757","ST INIGOES WEBSTER NAVAL OUTLYING FIELD, MD US","38.14167","-76.42917","6.4","2021-10-01","2.01","0.00","75","53"
"USW00003757","ST INIGOES WEBSTER NAVAL OUTLYING FIELD, MD US","38.14167","-76.42917","6.4","2021-10-02","5.59","0.00","82","56"
"USW00003757","ST INIGOES WEBSTER NAVAL OUTLYING FIELD, MD US","38.14167","-76.42917","6.4","2021-10-03","6.26","0.00","88","69"
"USW00003757","ST INIGOES WEBSTER NAVAL OUTLYING FIELD, MD US","38.14167","-76.42917","6.4","2021-10-04","7.16","0.00","88","73"
"USW00003757","ST INIGOES WEBSTER NAVAL OUTLYING FIELD, MD US","38.14167","-76.42917","6.4","2021-10-05","4.47","0.18","87","70"
"USW00003757","ST INIGOES WEBSTER NAVAL OUTLYING FIELD, MD US","38.14167","-76.42917","6.4","2021-10-06","6.49","0.01","77","69"
"USW00003757","ST INIGOES WEBSTER NAVAL OUTLYING FIELD, MD US","38.14167","-76.42917","6.4","2021-10-07","3.58","0.00","79","67"
"USW00003757","ST INIGOES WEBSTER NAVAL OUTLYING FIELD, MD US","38.14167","-76.42917","6.4","2021-10-08","3.13","0.00","81","63"
"USW00003757","ST INIGOES WEBSTER NAVAL OUTLYING FIELD, MD US","38.14167","-76.42917","6.4","2021-10-09","8.95","0.01","78","70"
"USW00003757","ST INIGOES WEBSTER NAVAL OUTLYING FIELD, MD US","38.14167","-76.42917","6.4","2021-10-10","8.50","0.02","81","71"
"USW00003757","ST INIGOES WEBSTER NAVAL OUTLYING FIELD, MD US","38.14167","-76.42917","6.4","2021-10-11","6.49","0.00","73","69"
"USW00003757","ST INIGOES WEBSTER NAVAL OUTLYING FIELD, MD US","38.14167","-76.42917","6.4","2021-10-12","4.25","0.00","77","68"
"USW00003757","ST INIGOES WEBSTER NAVAL OUTLYING FIELD, MD US","38.14167","-76.42917","6.4","2021-10-13","1.12","0.00","76","63"
"USW00003757","ST INIGOES WEBSTER NAVAL OUTLYING FIELD, MD US","38.14167","-76.42917","6.4","2021-10-14","2.24","0.00","83","62"
"USW00003757","ST INIGOES WEBSTER NAVAL OUTLYING FIELD, MD US","38.14167","-76.42917","6.4","2021-10-15","3.58","0.00","83","61"
"USW00003757","ST INIGOES WEBSTER NAVAL OUTLYING FIELD, MD US","38.14167","-76.42917","6.4","2021-10-16","9.17","0.00","87","59"
"USW00003757","ST INIGOES WEBSTER NAVAL OUTLYING FIELD, MD US","38.14167","-76.42917","6.4","2021-10-17","9.40","0.00","71","58"
"USW00003757","ST INIGOES WEBSTER NAVAL OUTLYING FIELD, MD US","38.14167","-76.42917","6.4","2021-10-18","7.61","0.00","72","49"
"USW00003757","ST INIGOES WEBSTER NAVAL OUTLYING FIELD, MD US","38.14167","-76.42917","6.4","2021-10-19","4.92","0.00","75","47"
"USW00003757","ST INIGOES WEBSTER NAVAL OUTLYING FIELD, MD US","38.14167","-76.42917","6.4","2021-10-20","2.91","0.00","80","52"
"USW00003757","ST INIGOES WEBSTER NAVAL OUTLYING FIELD, MD US","38.14167","-76.42917","6.4","2021-10-21","6.93","0.00","82","54"
"USW00003757","ST INIGOES WEBSTER NAVAL OUTLYING FIELD, MD US","38.14167","-76.42917","6.4","2021-10-22","4.25","0.00","74","56"
"USW00003757","ST INIGOES WEBSTER NAVAL OUTLYING FIELD, MD US","38.14167","-76.42917","6.4","2021-10-23","1.79","0.00","73","53"
"USW00003757","ST INIGOES WEBSTER NAVAL OUTLYING FIELD, MD US","38.14167","-76.42917","6.4","2021-10-24","6.04","0.00","73","54"
"USW00003757","ST INIGOES WEBSTER NAVAL OUTLYING FIELD, MD US","38.14167","-76.42917","6.4","2021-10-25","7.38","1.02","82","68"
"USW00003757","ST INIGOES WEBSTER NAVAL OUTLYING FIELD, MD US","38.14167","-76.42917","6.4","2021-10-26","12.30","0.33","72","57"
"USW00003757","ST INIGOES WEBSTER NAVAL OUTLYING FIELD, MD US","38.14167","-76.42917","6.4","2021-10-27","6.49","0.00","76","56"
"USW00003757","ST INIGOES WEBSTER NAVAL OUTLYING FIELD, MD US","38.14167","-76.42917","6.4","2021-10-28","6.93","0.00","69","53"
"USW00003757","ST INIGOES WEBSTER NAVAL OUTLYING FIELD, MD US","38.14167","-76.42917","6.4","2021-10-29","12.75","1.40","73","62"
"USW00003757","ST INIGOES WEBSTER NAVAL OUTLYING FIELD, MD US","38.14167","-76.42917","6.4","2021-10-30","8.72","0.00","69","58"
"USW00003757","ST INIGOES WEBSTER NAVAL OUTLYING FIELD, MD US","38.14167","-76.42917","6.4","2021-10-31","6.04","0.00","73","53"
"USW00003757","ST INIGOES WEBSTER NAVAL OUTLYING FIELD, MD US","38.14167","-76.42917","6.4","2021-11-01","3.13","0.00","68","47"
"USW00003757","ST INIGOES WEBSTER NAVAL OUTLYING FIELD, MD US","38.14167","-76.42917","6.4","2021-11-02","2.01","0.18","57","49"
"USW00003757","ST INIGOES WEBSTER NAVAL OUTLYING FIELD, MD US","38.14167","-76.42917","6.4","2021-11-03","4.03","0.00","57","44"
"USW00003757","ST INIGOES WEBSTER NAVAL OUTLYING FIELD, MD US","38.14167","-76.42917","6.4","2021-11-04","2.68","0.00","55","42"
"USW00003757","ST INIGOES WEBSTER NAVAL OUTLYING FIELD, MD US","38.14167","-76.42917","6.4","2021-11-05","2.46","0.00","57","39"
"USW00003757","ST INIGOES WEBSTER NAVAL OUTLYING FIELD, MD US","38.14167","-76.42917","6.4","2021-11-06","6.93","0.00","59","39"
"USW00003757","ST INIGOES WEBSTER NAVAL OUTLYING FIELD, MD US","38.14167","-76.42917","6.4","2021-11-07","5.82","0.00","58","49"
"USW00003757","ST INIGOES WEBSTER NAVAL OUTLYING FIELD, MD US","38.14167","-76.42917","6.4","2021-11-08","2.91","0.00","72","46"
"USW00003757","ST INIGOES WEBSTER NAVAL OUTLYING FIELD, MD US","38.14167","-76.42917","6.4","2021-11-09","2.01","0.00","76","44"
"USW00003757","ST INIGOES WEBSTER NAVAL OUTLYING FIELD, MD US","38.14167","-76.42917","6.4","2021-11-10","2.01","0.00","76","48"
"USW00003757","ST INIGOES WEBSTER NAVAL OUTLYING FIELD, MD US","38.14167","-76.42917","6.4","2021-11-11","6.93","0.00","72","50"
"USW00003757","ST INIGOES WEBSTER NAVAL OUTLYING FIELD, MD US","38.14167","-76.42917","6.4","2021-11-12","4.92","0.06","69","48"
"USW00003757","ST INIGOES WEBSTER NAVAL OUTLYING FIELD, MD US","38.14167","-76.42917","6.4","2021-11-13","6.93","0.00","68","45"
"USW00003757","ST INIGOES WEBSTER NAVAL OUTLYING FIELD, MD US","38.14167","-76.42917","6.4","2021-11-14","6.49","0.00","55","35"
"USW00003757","ST INIGOES WEBSTER NAVAL OUTLYING FIELD, MD US","38.14167","-76.42917","6.4","2021-11-15","10.51","0.00","56","39"
"USW00003757","ST INIGOES WEBSTER NAVAL OUTLYING FIELD, MD US","38.14167","-76.42917","6.4","2021-11-16","2.68","0.00","57","38"
"USW00003757","ST INIGOES WEBSTER NAVAL OUTLYING FIELD, MD US","38.14167","-76.42917","6.4","2021-11-17","6.04","0.00","68","42"
"USW00003757","ST INIGOES WEBSTER NAVAL OUTLYING FIELD, MD US","38.14167","-76.42917","6.4","2021-11-18","11.86","0.02","77","51"
"USW00003757","ST INIGOES WEBSTER NAVAL OUTLYING FIELD, MD US","38.14167","-76.42917","6.4","2021-11-19","6.71","0.01","53","39"
"USW00003757","ST INIGOES WEBSTER NAVAL OUTLYING FIELD, MD US","38.14167","-76.42917","6.4","2021-11-20","2.46","0.00","52","32"
"USW00003757","ST INIGOES WEBSTER NAVAL OUTLYING FIELD, MD US","38.14167","-76.42917","6.4","2021-11-21","3.36","0.00","59","38"
"USW00003757","ST INIGOES WEBSTER NAVAL OUTLYING FIELD, MD US","38.14167","-76.42917","6.4","2021-11-22","4.47","0.02","59","42"
"USW00003757","ST INIGOES WEBSTER NAVAL OUTLYING FIELD, MD US","38.14167","-76.42917","6.4","2021-11-23","7.61","0.00","49","36"
"USW00003757","ST INIGOES WEBSTER NAVAL OUTLYING FIELD, MD US","38.14167","-76.42917","6.4","2021-11-24","3.80","0.00","50","33"
"USW00003757","ST INIGOES WEBSTER NAVAL OUTLYING FIELD, MD US","38.14167","-76.42917","6.4","2021-11-25","6.71","0.00","58","42"
"USW00003757","ST INIGOES WEBSTER NAVAL OUTLYING FIELD, MD US","38.14167","-76.42917","6.4","2021-11-26","10.51","0.22","57","38"
"USW00003757","ST INIGOES WEBSTER NAVAL OUTLYING FIELD, MD US","38.14167","-76.42917","6.4","2021-11-27","9.17","0.00","47","34"
"USW00003757","ST INIGOES WEBSTER NAVAL OUTLYING FIELD, MD US","38.14167","-76.42917","6.4","2021-11-28","5.14","0.00","60","42"
"USW00003757","ST INIGOES WEBSTER NAVAL OUTLYING FIELD, MD US","38.14167","-76.42917","6.4","2021-11-29","6.49","0.00","51","31"
"USW00003757","ST INIGOES WEBSTER NAVAL OUTLYING FIELD, MD US","38.14167","-76.42917","6.4","2021-11-30","5.14","0.00","58","31"
"USW00003757","ST INIGOES WEBSTER NAVAL OUTLYING FIELD, MD US","38.14167","-76.42917","6.4","2021-12-01","2.91","0.00","59","33"
"USW00003757","ST INIGOES WEBSTER NAVAL OUTLYING FIELD, MD US","38.14167","-76.42917","6.4","2021-12-02","8.50","0.00","69","48"
"USW00003757","ST INIGOES WEBSTER NAVAL OUTLYING FIELD, MD US","38.14167","-76.42917","6.4","2021-12-03","4.03","0.00","63","40"
"USW00003757","ST INIGOES WEBSTER NAVAL OUTLYING FIELD, MD US","38.14167","-76.42917","6.4","2021-12-04","3.36","0.00","61","37"
"USW00003757","ST INIGOES WEBSTER NAVAL OUTLYING FIELD, MD US","38.14167","-76.42917","6.4","2021-12-05","5.59","0.00","57","36"
"USW00003757","ST INIGOES WEBSTER NAVAL OUTLYING FIELD, MD US","38.14167","-76.42917","6.4","2021-12-06","9.84","0.00","71","46"
"USW00003757","ST INIGOES WEBSTER NAVAL OUTLYING FIELD, MD US","38.14167","-76.42917","6.4","2021-12-07","4.47","0.00","52","31"
"USW00003757","ST INIGOES WEBSTER NAVAL OUTLYING FIELD, MD US","38.14167","-76.42917","6.4","2021-12-08","2.24","0.01","45","32"
"USW00003757","ST INIGOES WEBSTER NAVAL OUTLYING FIELD, MD US","38.14167","-76.42917","6.4","2021-12-09","4.47","0.00","45","29"
"USW00003757","ST INIGOES WEBSTER NAVAL OUTLYING FIELD, MD US","38.14167","-76.42917","6.4","2021-12-10","6.04","0.00","57","43"
"USW00003757","ST INIGOES WEBSTER NAVAL OUTLYING FIELD, MD US","38.14167","-76.42917","6.4","2021-12-11","12.08","0.19","73","53"
"USW00003757","ST INIGOES WEBSTER NAVAL OUTLYING FIELD, MD US","38.14167","-76.42917","6.4","2021-12-12","6.49","0.02","56","33"
"USW00003757","ST INIGOES WEBSTER NAVAL OUTLYING FIELD, MD US","38.14167","-76.42917","6.4","2021-12-13","2.46","0.00","58","32"
"USW00003757","ST INIGOES WEBSTER NAVAL OUTLYING FIELD, MD US","38.14167","-76.42917","6.4","2021-12-14","2.24","0.00","59","34"
"USW00003757","ST INIGOES WEBSTER NAVAL OUTLYING FIELD, MD US","38.14167","-76.42917","6.4","2021-12-15","2.24","0.00","63","35"
"USW00003757","ST INIGOES WEBSTER NAVAL OUTLYING FIELD, MD US","38.14167","-76.42917","6.4","2021-12-16","9.17","0.00","70","48"
"USW00003757","ST INIGOES WEBSTER NAVAL OUTLYING FIELD, MD US","38.14167","-76.42917","6.4","2021-12-17","5.37","0.00","72","57"
"USW00003757","ST INIGOES WEBSTER NAVAL OUTLYING FIELD, MD US","38.14167","-76.42917","6.4","2021-12-18","5.82","0.04","67","55"
"USW00003757","ST INIGOES WEBSTER NAVAL OUTLYING FIELD, MD US","38.14167","-76.42917","6.4","2021-12-19","6.26","0.12","67","40"
"USW00003757","ST INIGOES WEBSTER NAVAL OUTLYING FIELD, MD US","38.14167","-76.42917","6.4","2021-12-20","4.03","0.00","42","29"
"USW00003757","ST INIGOES WEBSTER NAVAL OUTLYING FIELD, MD US","38.14167","-76.42917","6.4","2021-12-21","2.46","0.03","46","28"
"USW00003757","ST INIGOES WEBSTER NAVAL OUTLYING FIELD, MD US","38.14167","-76.42917","6.4","2021-12-22","5.37","0.00","56","38"
"USW00003757","ST INIGOES WEBSTER NAVAL OUTLYING FIELD, MD US","38.14167","-76.42917","6.4","2021-12-23","5.59","0.00","45","32"
"USW00003757","ST INIGOES WEBSTER NAVAL OUTLYING FIELD, MD US","38.14167","-76.42917","6.4","2021-12-24","8.28","0.00","58","42"
"USW00003757","ST INIGOES WEBSTER NAVAL OUTLYING FIELD, MD US","38.14167","-76.42917","6.4","2021-12-25","9.62","0.00","69","55"
"USW00003757","ST INIGOES WEBSTER NAVAL OUTLYING FIELD, MD US","38.14167","-76.42917","6.4","2021-12-26","4.92","0.00","68","45"
"USW00003757","ST INIGOES WEBSTER NAVAL OUTLYING FIELD, MD US","38.14167","-76.42917","6.4","2021-12-27","4.47","0.00","49","41"
"USW00003757","ST INIGOES WEBSTER NAVAL OUTLYING FIELD, MD US","38.14167","-76.42917","6.4","2021-12-28","3.36","0.00","61","41"
"USW00003757","ST INIGOES WEBSTER NAVAL OUTLYING FIELD, MD US","38.14167","-76.42917","6.4","2021-12-29","4.92","0.48","63","53"
"USW00003757","ST INIGOES WEBSTER NAVAL OUTLYING FIELD, MD US","38.14167","-76.42917","6.4","2021-12-30","2.91","0.11","57","53"
"USW00003757","ST INIGOES WEBSTER NAVAL OUTLYING FIELD, MD US","38.14167","-76.42917","6.4","2021-12-31","3.36","0.04","59","53"
